2113
2948
2201
2649
2536
2135
2912
2002
2931
2034
2930
2234
2572
2575
2065
2877
1933
2925
2120
2850
2279
2515
2672
2096
2904
1925
2906
2136
3010
2313
2385
2782
1984
2927
1944
2985
2118
2956
2324
2367
2785
2091
2914
1966
2991
2143
2925
2308
2238
2836
1988
2906
2032
2957
2176
2854
2303
2175
2895
1923
2945
2093
2941
2245
2745
2469
2137
2854
2024
3027
2059
2922
2196
2688
2514
2094
2871
1924
2958
2094
2950
2194
2592
2668
2187
2864
1993
2961
2123
2981
2228
2514
2585
2152
2926
1948
2889
2107
3005
2327
2424
2667
2108
2968
1952
2999
2151
3037
2300
2368
2737
2055
2966
2044
2970
2098
2914
2327
2229
2736
2033
3021
2011
3011
2134
2924
2405
2252
2763
2078
2953
2047
2944
2194
2787
2479
2189
2829
1956
3034
2065
2867
2219
2700
2518
2057
2792
1985
2961
2077
2895
2280
2671
2573
2131
2955
2039
2984
2080
3030
2253
2564
2575
2127
2934
2076
2998
2098
2867
2293
2475
2633
2105
2851
1915
2933
2086
2901
2333
2325
2804
2041
2974
2043
2950
2143
2928
2308
2355
2834
2082
2894
2012
3034
2208
2861
2359
2190
2896
1974
2962
1991
2902
2247
2919
2452
2219
2922
1996
2972
2063
2952
2116
2720
2376
2140
2874
2008
2905
2152
2894
2155
2641
2523
2062
2919
1947
3025
1984
3010
2200
2559
2670
2136
2898
1947
3067
2037
2992
2232
2452
2718
2113
3036
1962
2982
2156
2982
2270
2401
2798
2028
2980
2004
2970
2039
2908
2285
2386
2830
2018
2917
2069
3024
2188
2950
2362
2266
2922
2048
2927
2029
3074
2180
2821
2417
2163
2945
2024
2893
1965
2996
2264
2724
2375
2168
2897
2027
2969
2065
2956
2248
2729
2545
2213
2840
1941
2983
2150
2944
2229
2600
2641
2082
2952
1987
2883
2136
2963
2270
2494
2796
2051
2867
1916
3055
2110
2980
2356
2454
2797
2011
2927
2025
2994
2104
2974
2362
2301
2797
2013
2982
1985
2954
2080
2936
2408
2249
2786
2004
2972
2054
3029
2179
2876
2367
2189
2816
1992
2958
2003
2960
2080
2753
2406
2063
2876
1965
2947
2064
3011
2191
2647
2522
2125
2886
1994
2961
2106
2918
2197
2548
2597
2115
2905
1980
2896
2095
2955
2294
2518
2660
2170
2925
1942
2984
2086
2912
2178
2352
2734
2040
2887
1960
3098
2123
2970
2313
2276
2730
2032
2921
1998
3092
2184
2968
2350
2250
2778
1955
2909
2080
2965
2168
2825
2378
2256
2915
1961
2951
1993
3010
2175
2807
2526
2115
2847
2092
2981
2091
2932
2122
2617
2526
2182
2860
1967
2961
2114
2971
2240
2561
2678
2067
2843
1962
3000
2008
2917
2259
2531
2710
2034
2878
2002
2976
1984
3007
2286
2436
2754
2084
2965
1918
3058
2044
2838
2438
2382
2832
2105
2824
1969
2916
2074
2867
2397
2364
2762
1970
2926
2086
2994
2172
2874
2285
2221
2858
1978
2886
1962
2964
2157
2864
2397
2189
2765
2033
2920
2064
2862
2182
2709
2521
2164
2817
2031
3009
2092
3003
2206
2674
2527
2118
2886
2097
2924
2099
2957
2235
2548
2675
2101
2919
1943
3078
2135
2892
2359
2477
2700
2126
2961
1872
2971
2120
2977
2389
2353
2804
2090
2911
2023
3020
2050
3037
2369
2325
2839
2034
2926
1957
2925
2127
3021
2417
2270
2767
2015
2944
2058
2928
2209
2861
2343
2158
2854
2013
3029
2080
2943
2092
2756
2427
2197
2865
1996
2968
2081
2926
2177
2705
2530
2186
2894
1983
3013
1959
2913
2308
2588
2640
2131
2973
1988
3008
2097
2940
2325
2457
2655
2068
2957
1988
3014
2102
3016
2220
2418
2774
2021
2902
2013
3040
2154
2904
2307
2363
2634
2001
2854
1932
3004
2129
3038
2331
2252
2818
2050
2971
2001
3003
2101
2875
2454
2158
2820
2008
2927
2070
2944
2100
2761
2385
2138
2775
1988
2965
1992
2993
2204
2623
2557
2072
2870
1981
2856
2137
2889
2236
2657
2599
2039
2818
2003
2989
2139
2993
2241
2530
2675
2101
2871
1976
3092
2111
2975
2293
2484
2688
2083
2955
1940
2953
2119
2897
2332
2375
2721
2115
2953
1918
2910
2178
2951
2353
2364
2755
1957
2964
1973
2921
2201
2901
2281
2072
2845
2043
2927
2023
3009
2128
2834
2399
2193
2842
2022
2947
1964
3054
2200
2741
2439
2054
2886
2021
2936
2097
2933
2155
2578
2423
2113
2836
1863
2890
2116
2936
2256
2576
2642
2070
2955
1961
2918
2065
2951
2264
2428
2625
2003
2928
1947
2921
2067
2943
2242
2330
2682
2011
2785
2005
2988
2178
2884
2253
2277
2767
2026
2990
1988
2880
2165
2922
2334
2211
2784
1947
2952
2009
2999
2239
2750
2359
2234
2814
1957
2919
2019
2915
2194
2754
2485
2181
2855
1979
2893
2065
2904
2151
2773
2510
2068
2954
1984
2953
2181
2944
2278
2619
2644
2073
2912
2000
2937
2077
3033
2279
2488
2596
1996
2851
1927
2954
2105
3019
2272
2423
2757
2111
2955
2016
3022
2130
2969
2259
2308
2738
2023
2885
1993
2979
2161
2984
2377
2366
2744
2041
2917
2008
2930
2098
2855
2404
2119
2928
1982
2950
2088
3003
2095
2807
2416
2144
2861
2010
2956
2006
2893
2079
2673
2510
2243
2895
2031
2868
2097
2994
2284
2540
2573
2159
2930
1894
2997
2093
2956
2238
2538
2628
2139
2897
1989
3001
2121
2872
2270
2356
2759
2085
2957
1937
3064
2106
2914
2336
2364
2795
2105
2951
1990
2940
2179
2875
2322
2299
2781
1990
2858
1982
2884
2189
2937
2379
2234
2805
1908
2916
1996
2983
2142
2853
2363
2245
2845
2047
2950
2132
3022
2181
2807
2447
2193
2906
1915
2945
1996
2958
2221
2649
2560
2113
3043
1976
2954
2125
2923
2284
2576
2539
2132
2874
1960
2916
2086
2952
2226
2464
2632
2053
2888
1963
3063
2051
2941
2332
2410
2702
2024
3006
1956
2972
2122
2997
2348
2356
2682
2018
2961
1990
2948
2124
3001
2347
2194
2702
1970
2877
2053
2850
2180
2894
2411
2184
2783
2088
2925
2068
2921
2185
2702
2381
2090
2796
2040
3064
2066
2966
2181
2675
2508
2079
2850
1985
2989
2067
2997
2139
2553
2647
2180
2889
1918
2949
2073
2897
2197
2516
2653
2062
2866
1949
3081
2082
3021
2291
2429
2721
2041
2835
1962
2937
2157
2931
2305
2296
2742
2044
2936
2066
3046
2115
2967
2381
2253
2838
1986
2864
2004
2985
2113
2933
2344
2318
2818
1994
2960
2008
2963
2185
2833
2383
2238
2914
1996
2934
2084
2958
2270
2705
2440
2079
2847
1970
2894
2056
2887
2114
2708
2555
2033
2898
2020
2947
2003
2982
2208
2485
2603
2083
2870
1970
2913
2009
2979
2307
2410
2739
2045
3003
1883
2940
2081
2915
2257
2375
2779
1996
2936
1967
2922
2183
2968
2229
2302
2730
2032
2905
1995
2893
2121
2876
2323
2280
2865
2013
2915
1969
2968
2190
2883
2301
2188
2854
1951
2955
1957
2930
2128
2753
2482
2050
2793
1959
2913
2026
2926
2154
2703
2547
2118
2802
1933
2978
2046
2992
2179
2591
2607
2050
2906
1923
2920
2031
2907
2310
2428
2700
2050
2881
2000
2980
2096
2870
2262
2429
2734
2064
2924
1968
2882
2060
2925
2283
2304
2810
1916
2900
1948
2956
2082
2890
2338
2204
2785
1937
2925
1955
2953
2058
2826
2338
2141
2855
1962
2947
1971
2977
2221
2688
2423
2136
2843
2013
2938
1974
2942
2189
2667
2551
2134
2853
1957
2918
2040
2909
2179
2560
2624
2081
2881
1912
2936
2036
3024
2472
