1391
2165
1149
2208
1329
2161
1451
1683
1867
1219
2160
1253
2223
1281
2298
1474
1653
2008
1274
2099
1198
2248
1280
2249
1542
1642
1969
1181
2185
1190
2178
1392
2163
1435
1480
1996
1238
2154
1170
2265
1376
2086
1529
1429
2036
1310
2165
1280
2144
1366
2029
1682
1480
2120
1230
2146
1277
2196
1311
1923
1727
1422
2162
1155
2211
1240
2276
1410
1829
1823
1393
2127
1142
2276
1281
2236
1474
1717
1917
1395
2128
1237
2183
1341
2283
1553
1650
1983
1321
2182
1258
2209
1420
2175
1542
1689
2048
1269
2109
1266
2244
1223
2249
1488
1592
2017
1278
2130
1166
2236
1370
2258
1498
1439
2016
1216
2258
1298
2296
1386
2095
1471
1444
2117
1174
2132
1226
2237
1406
1976
1583
1404
2016
1207
2240
1299
2241
1328
1892
1769
1381
2144
1174
2147
1298
2198
1496
1844
1799
1376
1971
1222
2218
1325
2199
1461
1755
1920
1298
2113
1183
2262
1291
2216
1501
1688
1831
1300
2144
1191
2268
1334
2316
1480
1706
1987
1218
2170
1318
2250
1356
2183
1532
1541
2088
1187
2155
1260
2183
1485
2118
1506
1493
2029
1201
2198
1208
2205
1371
2142
1629
1522
2148
1149
2162
1322
2256
1442
1943
1700
1403
2136
1189
2058
1280
2283
1480
1908
1747
1323
2123
1205
2164
1312
2280
1505
1802
1902
1269
2130
1211
2269
1401
2269
1386
1744
1863
1284
2103
1218
2187
1325
2182
1537
1677
1957
1373
2109
1156
2240
1310
2247
1596
1580
1948
1273
2204
1269
2238
1386
2150
1579
1542
2011
1242
2129
1216
2247
1335
2194
1573
1447
2051
1217
2188
1305
2169
1378
2057
1681
1398
2039
1189
2128
1212
2275
1507
2002
1750
1396
2188
1226
2098
1219
2258
1435
1876
1799
1343
2126
1237
2117
1313
2235
1479
1750
1801
1311
2200
1173
2236
1302
2261
1513
1712
1970
1290
2152
1228
2184
1399
2284
1571
1650
1919
1363
2171
1158
2213
1389
2193
1560
1619
1929
1242
2201
1219
2205
1428
2109
1553
1480
2060
1278
2195
1264
2156
1346
2071
1568
1400
1994
1281
2208
1187
2165
1400
1987
1587
1309
2088
1187
2178
1207
2272
1436
1974
1720
1285
2058
1248
2215
1303
2192
1404
1911
1745
1384
2037
1304
2261
1304
2226
1466
1797
1948
1361
2153
1250
2178
1305
2208
1458
1602
1934
1256
2200
1116
2339
1345
2188
1562
1698
1962
1262
2216
1208
2219
1343
2172
1571
1555
2143
1199
2174
1268
2230
1459
2101
1531
1531
2062
1246
2128
1204
2251
1268
2124
1616
1443
2111
1187
2195
1323
2138
1456
1930
1602
1345
2053
1194
2297
1222
2254
1380
1832
1797
1375
2131
1131
2163
1369
2260
1411
1815
1869
1328
2195
1136
2200
1368
2186
1571
1736
1945
1375
2259
1224
2165
1344
2160
1510
1679
1936
1208
2247
1206
2260
1294
2208
1573
1600
2060
1321
2150
1152
2213
1328
2213
1565
1603
1905
1238
2104
1251
2109
1369
2204
1557
1572
1995
1207
2191
1298
2220
1388
2094
1580
1438
2141
1161
2161
1317
2217
1482
1977
1720
1402
2120
1200
2232
1354
2326
1363
1845
1820
1271
2105
1205
2279
1340
2258
1407
1790
1867
1414
2064
1187
2336
1297
2226
1480
1702
2047
1257
2139
1272
2238
1323
2196
1462
1718
1892
1185
2140
1202
2296
1244
2253
1564
1586
2067
1199
2183
1262
2165
1381
2207
1574
1448
2051
1238
2231
1311
2273
1437
2118
1642
1387
2099
1149
2147
1164
2215
1261
1987
1593
1491
2103
1169
2251
1271
2149
1340
1832
1716
1395
2088
1121
2194
1347
2184
1394
1805
1874
1285
2064
1218
2247
1355
2243
1480
1771
1897
1314
2059
1243
2256
1260
2286
1498
1579
1969
1224
2161
1196
2188
1313
2168
1517
1586
1919
1203
2208
1205
2226
1410
2177
1514
1408
2034
1264
2147
1205
2208
1342
2149
1507
1470
2106
1184
2190
1284
2185
1422
1956
1710
1397
2085
1178
2132
1245
2187
1385
1861
1691
1343
2083
1157
2274
1283
2087
1433
1805
1816
1319
2082
1240
2301
1275
2225
1501
1743
1878
1266
2089
1191
2283
1323
2137
1481
1595
1921
1174
2098
1264
2218
1262
2172
1539
1650
2009
1226
2124
1267
2300
1265
2174
1598
1585
1994
1179
2133
1153
2239
1377
2120
1540
1460
2066
1133
2142
1172
2292
1356
2015
1653
1305
2073
1095
2156
1262
2199
1382
1923
1766
1312
2157
1207
2107
1253
2235
1381
1829
1812
1306
2077
1287
2193
1240
2205
1442
1769
1936
1280
2068
1198
2221
1347
2242
1528
1636
1868
1283
2074
1206
2217
1233
2226
1467
1575
1893
1229
2166
1235
2234
1317
2171
1539
1447
2048
1241
2175
1128
2249
1327
2060
1627
1473
2106
1190
2041
1239
2157
1332
1960
1572
1348
2060
1135
2168
1172
2172
1354
1925
1686
1335
2074
1147
2137
1139
2140
1378
1792
1721
1334
1995
1095
2101
1237
2180
1349
1715
1865
1234
2118
1072
2157
1236
2118
1354
1543
1815
1231
2068
1035
2122
1253
2112
1421
1549
1911
1096
2009
1061
2203
1302
2213
1366
1506
1944
1030
2061
1166
2169
1241
2043
1404
1347
1920
997
2038
1102
2046
1246
1994
1390
1195
1913
956
2136
1124
1999
1231
1839
1514
1186
1941
938
2072
1109
2019
1276
1543
1595
926
1929
927
2006
1091
2020
1720
1830
2103
1678
2216
1646
2217
1692
2085
1928
1786
2136
1643
2202
1652
2161
1791
1980
1986
1789
2117
1735
2132
1746
2091
1854
1972
2062
1772
2140
1746
2141
1760
2092
1890
1925
2096
1768
2177
1750
2158
1798
2084
1920
1911
2024
1770
2127
1738
2108
1772
2064
1868
1904
2046
1761
2126
1754
2133
1796
2055
1903
1875
2063
1775
2132
1722
2120
1823
2063
1928
1859
2147
1745
2175
1758
2138
1830
2013
1959
1841
2139
1738
2145
1770
2096
1868
2006
2000
1792
2119
1747
2152
1764
2105
1853
1992
1989
1790
2082
1741
2143
1768
2104
1849
1937
2023
1810
2129
1752
2118
1793
2095
1886
1923
2044
1775
2136
1789
2120
1779
2102
1867
1930
2057
1782
2123
1703
2068
1748
2044
1875
1860
2058
1757
2142
1724
2136
1780
2021
1933
1872
2047
1794
2096
1746
2131
1801
2069
1926
1871
2077
1762
2160
1747
2108
1808
1964
1971
1871
2069
1761
2126
1772
2110
1789
1982
1957
1816
2064
1766
2140
1762
2076
1833
1967
1980
1800
2089
1751
2086
1781
2044
1874
1937
2024
1822
2103
1743
2111
1765
2062
1883
1893
2020
1804
2125
1764
2097
1807
2046
1875
1880
2064
1773
2083
1773
2080
1823
2025
1939
1842
2065
1797
2082
1725
2066
1819
1980
1951
1829
2042
1777
2108
1772
2099
1838
1993
1964
1837
2078
1768
2103
1773
2058
1824
1960
1991
1810
2084
1762
2097
1772
2051
1840
1923
2008
1794
2096
1765
2086
1767
2050
1883
1869
2037
1796
2095
1757
2122
1782
2038
1870
1887
2028
1774
2101
1757
2081
1801
2038
1926
1867
2078
1778
2126
1755
2120
1825
2001
