5754
5742
5716
5771
5703
5780
5708
5780
5732
5753
5755
5736
5781
5721
5787
5720
5783
5733
5760
5758
5735
5789
5717
5796
5724
5785
5744
5767
5769
5740
5793
5723
5802
5735
5787
5758
5760
5790
5735
5811
5734
5811
5755
5794
5794
5765
5827
5749
5844
5756
5829
5786
5807
5823
5768
5848
5749
5854
5768
5838
5792
5800
5828
5767
5856
5755
5857
5773
5832
5794
5794
5831
5766
5856
5754
5851
5770
5830
5801
5791
5837
5762
5860
5750
5848
5774
5829
5806
5790
5846
5761
5861
5759
5848
5776
5825
5811
5783
5842
5759
5856
5761
5841
5779
5811
5811
5780
5853
5757
5866
5758
5848
5783
5816
5823
5781
5851
5752
5864
5767
5844
5791
5809
5824
5774
5855
5762
5857
5762
5837
5794
5807
5835
5772
5860
5758
5856
5770
5835
5799
5802
5834
5770
5858
5753
5859
5769
5831
5797
5793
5838
5764
5860
5756
5851
5773
5838
5809
5789
5840
5761
5859
5752
5848
5781
5823
5813
5788
5847
5760
5860
5764
5852
5777
5822
5813
5777
5849
5758
5861
5762
5842
5784
5814
5819
5774
5851
5752
5857
5757
5841
5786
5812
5825
5771
5852
5755
5860
5765
5842
5793
5804
5828
5767
5854
5758
5856
5773
5836
5795
5799
5827
5762
5863
5751
5852
5769
5832
5798
5796
5835
5758
5859
5755
5856
5770
5827
5808
5792
5840
5756
5855
5761
5856
5778
5820
5803
5788
5842
5753
5851
5758
5854
5775
5821
5809
5774
5849
5755
5858
5750
5840
5780
5808
5821
5774
5853
5748
5858
5759
5835
5779
5807
5820
5761
5853
5746
5858
5757
5840
5783
5806
5823
5762
5847
5740
5853
5758
5832
5786
5796
5826
5754
5856
5746
5854
5758
5830
5786
5787
5828
5749
5855
5742
5847
5757
5819
5789
5781
5835
5748
5851
5740
5844
5758
5820
5800
5778
5835
5741
5855
5737
5841
5758
5813
5800
5767
5844
5733
5857
5741
5839
5763
5809
5806
5766
5844
5742
5858
5741
5841
5770
5803
5812
5763
5842
5734
5857
5740
5834
5770
5797
5818
5754
5855
5734
5854
5749
5832
5770
5792
5818
5747
5858
5724
5851
5740
5827
5782
5777
5835
5741
5862
5720
5853
5745
5825
5788
5775
5839
5731
5857
5722
5851
5742
5815
5792
5764
5838
5731
5855
5726
5852
5750
5805
5800
5760
5841
5719
5862
5727
5849
5757
5807
5806
5755
5851
5719
5862
5723
5838
5759
5800
5808
5748
5854
5719
5860
5727
5839
5761
5791
5821
5743
5853
5716
5861
5729
5832
5771
5788
5821
5735
5852
5715
5861
5737
5828
5782
5773
5827
5734
5859
5720
5849
5743
5820
5784
5771
5832
5728
5861
5717
5846
5744
5815
5790
5761
5840
5734
5860
5727
5847
5750
5807
5800
5756
5843
5722
5859
5721
5841
5752
5805
5806
5755
5849
5718
5863
5726
5846
5755
5803
5811
5746
5853
5720
5858
5733
5833
5763
5790
5816
5748
5855
5722
5855
5733
5832
5767
5793
5824
5743
5850
5718
5857
5737
5825
5777
5781
5821
5737
5858
5714
5855
5736
5822
5781
5773
5827
5731
5858
5718
5847
5741
5814
5787
5767
5836
5721
5861
5718
5846
5743
5809
5792
5758
5835
5725
5863
5723
5845
5753
5803
5803
5754
5841
5720
5865
5731
5842
5758
5800
5806
5751
5841
5718
5853
5724
5834
5760
5795
5811
5754
5844
5730
5854
5739
5831
5766
5794
5809
5751
5844
5730
5849
5740
5824
5776
5783
5822
5746
5847
5732
5845
5745
5817
5780
5774
5825
5746
5853
5731
5844
5744
5822
5781
5771
5825
5743
5849
5734
5846
5753
5810
5789
5773
5832
5740
5851
5729
5838
5753
5812
5793
5765
5835
5737
5856
5730
5833
5757
5803
5801
5764
5843
5733
5851
5734
5832
5762
5802
5804
5756
5854
5721
5857
5734
5835
5761
5785
5818
5739
5849
5719
5855
5731
5828
5772
5782
5815
5734
5854
5715
5859
5736
5824
5779
5768
5827
5732
5857
5714
5850
5734
5821
5778
5763
5831
5727
5857
5714
5846
5738
5810
5784
5764
5836
5721
5856
5710
5844
5743
5802
5792
5749
5837
5718
5854
5716
5843
5746
5796
5805
5748
5843
5712
5855
5722
5836
5752
5794
5805
5738
5851
5708
5860
5722
5832
5757
5784
5813
5741
5845
5705
5854
5722
5826
5760
5780
5822
5735
5854
5714
5854
5727
5827
5770
5777
5823
5730
5856
5713
5852
5730
5818
5777
5767
5831
5723
5855
5712
5848
5734
5816
5784
5763
5833
5714
5858
5711
5847
5740
5802
5785
5751
5836
5714
5859
5712
5835
5742
5798
5795
5747
5844
5718
5857
5712
5836
5750
5795
5804
5746
5846
5707
5855
5713
5838
5754
5784
5805
5736
5849
5703
5860
5714
5830
5755
5776
5813
5731
5851
5708
5852
5719
5827
5763
5772
5825
5723
5852
5701
5854
5724
5824
5771
5765
5832
5718
5854
5705
5849
5728
5806
5782
5759
5828
5713
5856
5708
5841
5733
5803
5785
5749
5834
5716
5853
5708
5835
5741
5800
5795
5750
5839
5705
5853
5707
5840
5741
5793
5798
5746
5844
5710
5860
5714
5835
5747
5788
5801
5735
5849
5708
5857
5711
5828
5751
5778
5814
5736
5850
5705
5856
5718
5826
5760
5776
5820
5727
5855
5699
5846
5725
5825
5766
5777
5822
5720
5852
5705
5850
5730
5819
5774
5764
5830
5716
5858
5700
5851
5729
5813
5780
5755
5831
5715
5858
5706
5842
5735
5800
5790
5747
5837
5711
5860
5700
5844
5745
5804
5791
5744
5840
5705
5857
5711
5836
5746
5792
5796
5741
5845
5712
5858
5715
5836
5754
5786
5809
5730
5849
5701
5859
5714
5834
5756
5783
5816
5731
5852
5702
5857
5719
5826
5765
5782
5818
5727
5855
5707
5851
5723
5821
5772
5767
5828
5721
5856
5702
5854
5723
5818
5779
5761
5828
5719
5862
5706
5843
5738
5811
5782
5752
5836
5709
5855
5712
5845
5742
5801
5788
5753
5840
5714
5860
5706
5841
5744
5791
5803
5743
5842
5706
5862
5712
5832
5747
5793
5804
5740
5850
5707
5855
5715
5836
5759
5786
5809
5732
5852
5709
5863
5721
5833
5758
5781
5819
5726
5859
5706
5856
5725
5826
5767
5775
5824
5722
5854
5710
5854
5729
5819
5775
5769
5826
5722
5860
5707
5850
5732
5808
5779
5759
5834
5721
5852
5708
5847
5738
5803
5786
5755
5841
5713
5857
5709
5842
5741
5805
5794
5748
5839
5704
5859
5712
5838
5740
5793
5804
5743
5841
5709
5859
5719
5832
5752
5784
5805
5735
5852
5703
5856
5722
5831
5757
5781
5811
5731
5850
5705
5850
5718
5821
5758
5777
5819
5724
5853
5716
5843
5729
5822
5767
5783
5813
5738
5841
5720
5843
5740
5821
5775
5780
5814
5740
5846
5722
5838
5746
5817
5783
5772
5826
5739
5841
5729
5840
5751
5809
5780
5768
5825
5737
5847
5732
5837
5752
5807
5789
5763
5825
5736
5846
5736
5828
5757
5809
5798
5759
5837
5735
5849
5737
5829
5762
5794
5802
5756
5835
5733
5849
5736
5832
5757
5794
5807
5753
5840
5728
5841
5739
5823
5774
5784
5809
5748
5840
5733
5843
5743
5814
5776
5781
5818
5740
5842
5731
5833
5746
5810
5775
5773
5810
5742
5835
5731
5827
5747
5802
5782
5762
5815
5728
5834
5726
5824
5754
5797
5780
5753
5813
5723
5837
5729
5814
5746
5791
5781
5740
5808
5719
5820
5724
5807
5744
5779
5778
5736
5808
5712
5816
5726
5800
5749
5762
5786
5727
5810
5706
5813
5722
5793
5757
5759
5712
5751
5701
5749
5704
5732
5721
5709
5739
5693
5745
5691
5743
5704
5719
5719
5699
5735
5694
