16275
14994
16354
15513
15820
16011
15000
16206
14887
16361
14864
16318
15239
15937
15924
15022
16063
14795
16377
14713
16196
15272
15965
16026
14938
16120
14807
16258
14845
16364
15235
15934
16051
15088
16093
14857
16053
14667
16486
15156
16248
15902
15284
16116
14848
16310
14726
16372
15079
16218
15841
15234
16120
14922
16178
14838
16381
14954
16306
15722
15492
16087
15005
16142
14635
16401
14889
16361
15625
15623
16055
14940
16139
14710
16319
14872
16373
15467
15752
15917
14907
16157
14838
16310
14822
16412
15387
15826
16072
14952
16117
14786
16272
14856
16477
15280
15894
16040
15068
16040
14888
16110
14753
16406
15168
16175
15988
15128
16078
14863
16143
14833
16415
15143
16103
15952
15263
16025
14771
16178
14841
16478
15068
16219
15886
15430
16071
14919
16165
14722
16420
14948
16215
15720
15525
16076
14883
16131
14707
16438
14952
16388
15543
15594
15982
14901
16040
14857
16176
14760
16273
15471
15892
15985
14954
16009
14724
16241
14866
16385
15435
15866
16065
15068
16087
14854
16181
14843
16336
15350
16003
16044
15165
16045
14855
16344
14875
16416
15159
16060
15915
15314
16004
14997
16216
14835
16424
15099
16120
15928
15457
16082
14721
16157
14762
16449
15076
16147
15786
15409
16037
15000
16184
14752
16319
14977
16323
15605
15688
15962
15004
16075
14743
16486
14762
16250
15522
15747
16008
14949
16071
14800
16421
14905
16293
15404
15918
15976
15102
16065
14853
16156
14814
16468
15312
16003
15923
15120
16134
14818
16337
14662
16392
15238
16109
16007
15243
16131
14862
16347
14842
16491
15152
16168
15904
15316
15982
14898
16285
14734
16495
15085
16223
15800
15455
16051
14953
16186
14754
16429
15010
16321
15667
15536
16021
15033
16196
14746
16385
14904
16412
15565
15690
16094
15010
16211
14744
16437
14788
16347
15552
15802
16048
14954
16127
14786
16378
14818
16388
15345
15900
16038
14975
16044
14920
16275
14801
16474
15264
15943
16050
15032
16124
14765
16208
14819
16430
15226
15972
16001
15113
16109
14798
16146
14643
16495
15128
16167
15906
15285
16141
14916
16228
14731
16382
15038
16315
15828
15308
15952
14882
16169
14814
16499
14863
16297
15695
15625
16019
14913
16190
14735
16426
14818
16306
15540
15763
16005
14951
16041
14782
16352
14960
16471
15347
15942
15948
15128
16171
14723
16401
14832
16504
15248
15926
16035
15048
16181
14745
16285
14750
16447
15206
16148
16018
15196
16116
14947
16253
14748
16463
15158
16154
15957
15263
16045
14932
16275
14736
16333
15142
16231
15843
15348
16039
14986
16070
14828
16441
14992
16264
15725
15546
16017
14864
16193
14693
16357
14990
16268
15664
15697
16042
14978
16169
14974
16419
15117
16486
15542
16088
15881
15065
16152
14781
16377
14767
16287
15391
15933
15935
15025
16055
14945
16194
14990
16338
15348
16168
15989
15167
16110
14956
16343
14787
16328
15219
16108
15993
15190
16086
15071
16069
14896
16431
15180
16099
15854
15604
16086
15148
16390
15073
16649
15278
16573
15827
15766
16043
15221
16470
15095
16542
15346
16534
15817
15742
16136
15153
16272
15169
16537
15273
16451
15694
15950
16066
15279
16314
15101
16592
15276
16466
15618
15967
16050
15303
16291
15107
16441
15261
16471
15576
16041
16107
15389
16256
15191
16438
15179
16523
15557
16072
16013
15404
16208
15184
16476
15133
16468
15513
16093
15924
15484
16242
15182
16460
15175
16485
15490
16194
15925
15520
16151
15224
16407
15144
16458
15347
16289
15895
15635
16135
15125
16230
15116
16452
15354
16316
15799
15678
16064
15230
16286
15166
16487
15312
16361
15709
15841
16137
15326
16285
15180
16420
15235
16373
15621
15895
16029
15263
16263
15093
16529
15215
16415
15536
15998
16002
15314
16182
15063
16472
15184
16473
15505
16081
15947
15265
16246
15173
16440
15178
16426
15453
16174
16002
15410
16139
15149
16382
15182
16534
15375
16217
15938
15512
16171
15147
16383
15115
16524
15342
16192
15871
15620
16227
15126
16328
15136
16506
15351
16349
15755
15726
16093
15223
16331
15103
16484
15268
16350
15690
15799
16076
15210
16194
15138
16503
15173
16437
15643
15893
16028
15187
16219
15151
16489
15207
16420
15535
15955
15962
15242
16273
15071
16391
15089
16409
15486
16007
15940
15304
16198
15119
16434
15129
16418
15413
16128
15910
15406
16204
15133
16354
15127
16417
15359
16173
15906
15479
16160
15135
16328
15071
16434
15331
16240
15880
15588
16054
15185
16309
15168
16527
15259
16282
15852
15735
16048
15227
16233
15065
16427
15235
16330
15709
15849
16068
15226
16256
15134
16492
15246
16365
15656
15914
16009
15343
16287
15179
16496
15232
16350
15487
15971
15987
15312
16205
15081
16470
15158
16440
15564
16007
15979
15383
16165
15129
16268
15140
16410
15488
16132
15901
15472
16158
15200
16380
15120
16448
15370
16210
15917
15520
16185
15124
16325
15163
16403
15350
16227
15820
15605
16103
15240
16319
15132
16441
15291
16306
15740
15788
16082
15234
16191
15132
16491
15234
16299
15638
15870
16038
15249
16293
15135
16463
15193
16375
15546
15933
16024
15275
16199
15163
16395
15146
16399
15481
16012
15959
15309
16218
15089
16426
15206
16391
15488
16052
15936
15409
16196
15139
16406
15145
16437
15463
16097
15869
15486
16126
15078
16374
15099
16444
15397
16181
15902
15523
16130
15115
16357
15108
16487
15312
16269
15802
15664
16105
15169
16305
15044
16502
15225
16303
15736
15719
15979
15190
16285
15105
16528
15262
16379
15692
15821
16059
15275
16251
15164
16458
15201
16356
15611
15881
16073
15224
16100
15043
16456
15144
16357
15565
15988
16013
15311
16175
15118
16414
15152
16390
15555
16069
16024
15455
16166
15152
16250
15200
16422
15418
16152
15882
15503
16127
15119
16372
15114
16483
15384
16233
15875
15570
16097
15161
16338
15050
16350
15316
16272
15845
15656
16085
15161
16312
15048
16462
15303
16309
15690
15766
16056
15245
16265
15061
16494
15232
16353
15604
15866
16013
15238
16301
15172
16441
15184
16344
15554
15971
15987
15326
16219
15059
16454
15169
16443
15502
16015
15896
15384
16277
15086
16369
15179
16323
15459
16110
15879
15297
16149
15131
16412
15088
16477
15382
16169
15902
15499
16143
15086
16243
15096
16475
15320
16183
15853
15625
16151
15224
16323
15111
16479
15288
16336
15767
15742
16054
15185
16307
15100
16347
15258
16334
15637
15751
16020
15207
16229
15084
16444
15254
16312
15633
15904
16008
15168
16232
15125
16463
15194
16300
15543
15974
16021
15332
16199
15028
16435
15201
16414
15522
16036
16021
15370
16150
15106
16418
15216
16465
15469
16125
15878
15477
16166
15115
16377
15118
16465
15382
16180
15882
15573
16041
15187
16330
15113
16433
15309
16247
15780
15559
16085
15074
16324
15089
16412
15326
16276
15749
15729
16073
15255
16285
15093
16440
15298
16326
15730
15790
16069
15143
16243
15128
16421
15260
16381
15590
15879
15894
15212
16209
15046
16418
15161
16384
15527
15980
15986
15345
16201
15147
16420
15137
16391
15495
16044
15918
15396
16222
15111
16386
15089
16301
15458
16122
15868
15372
16127
15183
16317
15139
16436
15326
16197
15860
15559
16124
15177
16327
15088
16434
15380
16221
15836
15617
16145
15239
16261
15084
16433
15285
16302
15732
15760
16057
15074
16255
15123
16488
15274
16317
15687
15850
16047
15236
16254
15132
16477
15280
16288
15584
15915
15997
15274
16183
15056
16448
15175
16436
15551
15939
15885
15330
16180
15113
16384
15197
16364
15545
16044
15946
15426
16169
15177
16392
15192
16408
15477
16169
15864
15523
16218
15112
16339
15140
16385
15404
16220
15828
15512
16112
15155
16368
15205
16480
15358
16297
15810
15852
16053
15097
16136
14804
16543
14934
16334
15515
15744
16011
14948
16189
14858
16397
14839
16463
15384
15929
15894
15021
16103
14814
16468
14816
16413
15333
16040
15981
15096
16192
14764
16428
14810
16461
15264
15904
16031
15083
16076
14764
16218
14798
16376
15074
16110
15913
15262
16100
14924
16364
14722
16446
15062
16243
15867
15429
16077
14875
16305
14777
16465
15058
16158
15824
15362
16070
15017
16193
14813
16296
14885
16363
15731
15601
16141
14923
16211
14807
16563
14820
16340
15572
15755
16024
14980
16258
14809
16359
14912
16278
15482
15833
15955
15016
16077
15026
16285
15062
16500
15474
16051
15893
15347
16163
15081
16362
15008
16540
15394
16194
15970
15371
16182
15172
16433
15068
16493
15466
16205
15887
15427
16206
15181
16315
15093
16505
15252
16366
15846
15510
