14027
12904
14140
12995
14241
13310
14066
13877
13619
14049
12970
14103
12965
14096
13138
14130
13775
13755
14196
13099
14114
12977
14198
13001
14316
13634
13780
14175
13062
14128
13003
14172
12918
13959
13565
13813
14269
12971
14067
12935
14321
13008
14204
13396
13855
14081
13182
14015
13062
14219
12964
14052
13097
14032
14107
13109
14287
12791
14146
12872
14193
13163
13946
14040
13033
14130
12846
14090
12989
14049
13136
13978
13836
13313
14090
13017
14085
13023
14128
13081
13979
13751
13473
14008
13049
14103
12794
14110
13058
14184
13769
13556
14044
12975
14020
12886
14014
12998
14012
13642
13701
14053
13101
13964
12895
13910
13052
14174
13561
13777
14140
13136
14023
12962
14129
13012
14226
13393
13958
14094
13122
14057
12962
14156
12994
14076
13423
13949
14268
13282
14077
13019
14252
13094
14158
13294
13882
14055
13418
14161
13125
14132
13061
14276
13138
14221
13917
13355
14270
12939
14171
12993
14307
13057
14234
13914
13522
14250
12981
14271
12921
14116
13131
14114
13894
13591
14206
12823
14207
12986
14025
13125
14196
13688
13564
14291
12844
14088
13135
14062
12906
14184
13666
13799
14203
13049
14223
13051
14297
12956
14243
13518
13726
14365
12896
14282
13057
14064
13005
14179
13441
13827
14255
12973
14233
13014
14145
13087
14234
13374
13905
14078
13146
14151
12941
14003
12898
14213
13254
14077
13961
13096
14307
12755
14111
12970
14095
13372
13938
13913
13417
14060
13044
13986
12976
13981
13115
14198
13717
13619
14120
12901
14104
13139
14090
12987
14237
13510
13770
14051
13032
14136
12959
14201
13094
14133
13526
13693
14130
13062
14125
12765
13905
12934
14159
13456
13978
13969
12889
14100
12973
14190
12888
14168
13183
13756
14148
13140
14066
13003
14108
12913
14174
13405
13892
14129
13050
14262
12808
13993
12902
14138
13297
13999
14135
13123
14175
12926
14040
13254
14042
13228
14002
14134
13388
14151
13041
14078
13193
14130
13212
14083
13887
13387
14137
13147
14146
12996
14116
13171
14177
13839
13486
14326
13163
14158
12945
14178
12986
14126
13786
13736
14208
12975
14102
13146
14244
13134
14071
13403
13774
14215
13049
14119
13055
14090
12990
14255
13393
13924
14097
13177
14210
13043
14188
13010
14101
13362
13965
14156
13173
14216
12938
14138
12818
14125
13270
13856
13987
13133
14228
12903
14076
13004
14033
13202
13997
14064
13276
14247
12952
14011
12800
14053
13215
14139
13866
13438
14082
13049
14050
12788
14175
13209
14031
13646
13600
14128
13059
14153
12889
14006
13050
14186
13588
13760
14124
13146
14167
12986
14125
13087
14159
13552
13857
14215
12915
14197
12939
14199
12957
14180
13394
13759
14213
13060
14195
12867
14050
12902
14166
13516
13990
14241
13024
14314
13122
14043
13051
14293
13311
14052
14171
13198
14188
13057
14272
13120
14291
13377
14096
14229
13393
14325
12990
14229
12992
14143
13326
14117
14139
13439
14363
13014
14179
13182
14209
13222
14300
14051
13543
14363
13065
14254
13235
14345
13245
14210
14036
13575
14376
13171
14182
13121
14260
13256
14297
13909
13718
14366
13173
14354
13142
14222
13162
14200
13797
13775
14371
13103
14269
13194
14238
13070
14261
13745
13998
14184
13224
14163
13180
14343
13149
14189
13479
13999
14402
13263
14333
12988
14214
13043
14270
13544
14008
14232
13332
14237
13156
14211
13263
14166
13367
14171
14207
13351
14229
13169
14227
13094
14248
13151
14110
14097
13490
14332
12995
14258
12963
14105
13403
14192
13968
13561
14346
13081
14086
13076
14186
13318
14339
13839
13772
14238
13284
14227
13307
14256
13182
14215
13632
13916
14199
13140
14276
13123
14211
13232
14091
13634
13929
14296
13262
14221
13142
14076
13174
14171
13613
13923
14377
13285
14236
13183
14398
13160
14262
13428
14096
14355
13425
14296
13191
14269
13298
14105
13517
14025
14244
13448
14344
13172
14196
13363
14285
13429
14295
14162
13602
14424
13214
14201
13264
14214
13262
14466
14091
13556
14357
13117
14180
13207
14293
13243
14228
13981
13725
14376
13207
14407
13172
14371
13183
14231
13859
13772
14534
13084
14392
13161
14364
13313
14460
13670
13847
14495
13124
14392
13309
14305
13156
14395
13683
13927
14380
13192
14595
13088
14332
13215
14214
13661
14051
14445
13217
14485
13299
14337
13309
14470
13587
13967
14415
13399
14305
13273
14232
13187
14319
13488
14102
14258
13409
14325
13142
14390
13337
14099
13630
14252
14278
13369
14499
13230
14233
13473
14067
13381
14202
14138
13694
14434
13193
14220
13489
14290
13322
14231
13854
13614
14401
13192
14360
13276
14068
13341
14281
13894
13676
14416
13195
14330
13193
14227
13109
14355
13689
13917
14358
13124
14283
13076
14073
13344
14222
13689
13866
14359
13255
14332
13155
14154
13159
14119
13693
13978
14372
13322
14464
13289
14402
13147
14315
13528
13958
14325
13356
14259
13117
14292
13361
14308
13478
14107
14297
13627
14338
13273
14419
13218
14257
13586
14283
14150
13601
14385
13176
14312
13243
14354
13508
14237
14029
13816
14479
13236
14297
13146
14375
13509
14221
13868
13995
14407
13220
14267
13305
14137
13365
14308
13821
13936
14423
13160
14449
13391
14309
13361
14289
13737
14103
14460
13247
14287
13204
14303
13316
14301
13696
13968
14354
13406
14327
13361
14244
13295
14270
13630
14203
14394
13466
14393
13263
14337
13256
14213
13578
14190
14320
13622
14373
13190
14243
13535
14221
13514
14184
14159
13784
14294
13241
14369
13426
14324
13524
14293
14160
13839
14395
13225
14293
13198
14225
13520
14276
13977
13774
14489
13352
14280
13247
14237
13346
14356
13838
13983
14345
13198
14234
13102
14273
13383
14192
13773
13931
14307
13184
14312
13192
14243
13261
14342
13554
13964
14360
13207
14230
13187
14230
13021
14028
13470
13967
14167
13385
14275
13090
14306
13221
14232
13380
14071
14112
13504
14348
13041
14276
13179
14293
13577
14007
14140
13464
14324
13170
14202
13163
14139
13506
14144
14219
13634
14372
13231
14126
13262
14119
13405
14278
14119
13641
14282
13285
14294
13189
14129
13382
14131
13938
13682
14248
13177
14176
13315
14180
13448
14193
13845
13846
14443
13210
14225
13321
14359
13245
14171
13694
13809
14462
13110
14388
13172
14224
13303
14092
13745
13876
14403
13228
14326
13295
14202
13286
14284
13656
13934
14361
13204
14301
13256
14166
13342
14263
13535
13933
14294
13460
14318
13086
14290
13287
14282
13547
14060
14422
13509
14368
13117
14215
13243
14237
13433
14270
14053
13712
14292
13177
14290
13252
14430
13551
14090
14130
13741
14406
13286
14251
13386
14301
13522
14207
14068
13822
14419
13311
14238
13202
14251
13330
14381
13970
13700
14443
13088
14283
13234
14237
13213
14254
13837
13840
14533
13306
14416
13417
14159
13305
14311
13833
14119
14429
13304
14267
13303
14334
13317
14322
13675
14004
14329
13291
14342
13112
14270
13297
14251
13620
13786
14345
13240
14355
13321
14197
13269
14220
13526
14300
14128
13556
14343
13035
14345
13259
14265
13602
14109
14131
13684
14427
13208
14225
13379
14260
13526
14262
14041
13673
14406
13263
14185
13296
14247
13429
14219
14098
13725
14372
13334
14262
13241
14091
13445
14302
13911
13847
14412
13245
14405
13285
14202
13324
14367
13742
13925
14604
13282
14481
13211
14324
13360
14300
13750
14124
14490
13312
14405
13400
14498
13284
14386
13608
14165
14467
13536
14434
13259
14444
13471
14439
13633
14136
14361
13605
14475
13373
14389
13452
14364
13502
14284
14404
13729
14487
13324
14479
13386
14397
13526
14262
14209
13791
14467
13393
14437
13546
14196
13682
14293
14220
13890
14490
13455
14271
13472
14429
13435
14193
14130
13942
14430
13264
14329
13521
14327
13564
14226
14098
13966
14520
13367
14425
13499
14308
13471
14443
13946
14005
14548
13325
14431
13240
14388
13343
14379
13912
13899
14602
13330
14467
13386
14484
13434
14344
13760
14013
14470
13322
14495
13306
14333
13189
14352
13651
13961
14384
13423
14476
13152
14353
13273
14242
13738
14191
14251
13492
14371
13357
14341
13214
14209
13492
14321
14336
13745
14407
13262
14374
13504
14162
13589
14267
14206
13726
14303
13179
14343
13324
14325
13412
14191
14068
13849
14485
13358
14307
13344
14466
13504
14279
13976
13862
14473
13290
14371
13177
14310
13311
14229
13591
14049
14556
13356
14272
13404
14265
13479
14390
13777
14039
14413
13375
14381
13224
14349
13097
14208
13822
14034
14422
13324
14411
13202
14400
13341
14181
13708
14130
14434
13422
14566
13398
14499
13262
14300
13510
14173
14388
13529
14566
13223
14326
13346
14318
13464
14198
14239
13523
14432
13247
14317
13196
14278
13554
14186
14221
13740
14521
13329
14394
13468
14190
13480
14396
14052
13738
14410
13310
14406
13383
14330
13445
14198
13926
13954
14564
13275
14391
13399
14338
13499
14319
13771
13972
14516
13377
14505
13289
14282
13377
14384
13898
14111
14533
13191
14613
13420
14378
13328
14406
13689
14152
14406
13414
14445
13213
14498
13363
14277
13573
14151
14384
13464
14545
13254
14368
13364
14302
13343
14323
14278
13547
14582
13238
14395
13247
14298
13474
14347
14186
13720
14490
13304
14331
13340
14316
13405
14325
13980
13896
14505
13335
14485
13211
14359
13405
14350
13881
13939
14547
13279
14502
13232
14237
13322
14295
13870
13979
14406
13250
14406
13406
14349
13531
14344
13784
13958
14565
13337
14314
13259
14273
13328
14203
13823
13915
14429
13246
14382
13232
14299
13316
14194
13604
13920
14394
13350
14337
13255
14293
13471
14215
13599
14022
14262
13437
14386
13375
14287
13358
14223
13581
14039
14275
13686
14458
13269
14386
13299
14227
13741
13948
13989
13678
14128
13418
13935
13434
13867
13506
14109
14024
13686
14141
13441
13966
13446
13958
13454
13958
13703
13905
14103
13399
14003
13354
13965
13412
13950
13710
13784
13903
13387
13882
13506
13792
13650
13770
13608
13757
13801
13486
13723
13520
13727
13534
13756
13532
13729
13712
13600
13692
13556
13671
13435
13715
13428
13781
13700
13585
13743
13449
13631
13366
13675
13478
13776
13667
13544
13638
13504
13685
13561
13581
13488
13755
13584
13606
13564
13512
13682
13435
13602
13344
13661
13647
13548
13604
13503
13565
13483
13553
13373
13627
13579
13557
13565
13546
13532
13475
13561
13362
13702
13612
13614
13633
13457
13573
13423
13511
13411
13648
13518
13606
13595
13385
13590
13490
13622
13427
13629
13468
13643
13671
13441
13545
13407
13668
13411
13682
13553
13638
13697
13463
13642
13546
13558
13461
13644
13592
13679
13611
13457
13674
13507
13751
13363
14121
