9881
9862
9887
9862
9885
9868
9875
9863
9875
9874
9860
9883
9859
9858
9886
9857
9879
9866
9868
9883
9859
9881
9862
9887
9862
9885
9868
9875
9863
9875
9874
9860
9883
9859
9968
9895
9941
9912
9926
9934
9909
9947
9898
9953
9899
9942
9909
9923
9931
9899
9947
9893
9948
9896
9946
9920
9918
9935
9900
9949
9897
9949
9897
9939
9915
9914
9939
9900
9951
9895
9951
9892
9939
9921
9914
9935
9898
9953
9891
9952
9897
9932
9918
9907
9937
9899
9950
9895
9949
9904
9932
9925
9910
9941
9896
9953
9893
9949
9902
9929
9922
9912
9944
9892
9953
9896
9945
9906
9929
9923
9907
9946
9895
9952
9895
9941
9908
9922
9931
9901
9942
9894
9955
9898
9944
9913
9923
9932
9900
9951
9898
9954
9894
9944
9911
9924
9937
9903
9946
9896
9957
9904
9944
9916
9918
9937
9902
9953
9893
9953
9901
9942
9922
9914
9942
9900
9954
9893
9955
9907
9937
9922
9916
9941
9900
9952
9896
9950
9907
9936
9920
9912
9939
9900
9948
9897
9949
9907
9939
9926
9910
9951
9897
9957
9895
9944
9911
9921
9929
9911
9946
9899
9955
9896
9945
9911
9921
9931
9908
9951
9896
9950
9897
9945
9915
9925
9932
9907
9951
9891
9951
9897
9942
9915
9920
9935
9909
9947
9894
9949
9906
9946
9921
9918
9936
9901
9951
9897
9958
9903
9937
9915
9923
9946
9902
9953
9889
9953
9903
9935
9918
9913
9942
9901
9951
9898
9949
9906
9936
9921
9912
9938
9899
9952
9895
9948
9904
9934
9927
9910
9944
9895
9955
9898
9944
9909
9933
9922
9908
9946
9896
9951
9899
9943
9910
9927
9927
9905
9946
9897
9957
9896
9945
9912
9922
9931
9905
9948
9893
9952
9900
9944
9910
9924
9931
9903
9952
9895
9957
9903
9941
9921
9921
9935
9902
9950
9894
9949
9904
9936
9922
9915
9936
9900
9952
9896
9949
9903
9937
9917
9913
9940
9897
9953
9895
9952
9905
9937
9918
9915
9944
9897
9953
9900
9950
9904
9936
9922
9909
9944
9900
9952
9890
9946
9904
9932
9919
9905
9943
9894
9954
9902
9948
9909
9926
9926
9908
9945
9892
9947
9899
9946
9910
9923
9929
9906
9948
9895
9949
9894
9941
9913
9919
9933
9902
9949
9896
9953
9903
9943
9917
9922
9934
9899
9947
9895
9950
9904
9938
9917
9921
9938
9896
9950
9893
9947
9903
9935
9920
9917
9941
9894
9954
9893
9950
9898
9935
9923
9908
9940
9899
9948
9894
9952
9900
9930
9920
9907
9945
9896
9955
9895
9943
9907
9930
9925
9913
9945
9895
9954
9893
9946
9908
9925
9929
9906
9944
9898
9952
9901
9945
9909
9922
9931
9907
9949
9893
9952
9899
9942
9910
9918
9932
9895
9951
9890
9951
9899
9940
9915
9921
9933
9902
9949
9891
9950
9902
9934
9915
9923
9934
9896
9953
9885
9947
9903
9931
9922
9913
9937
9898
9945
9895
9950
9903
9935
9918
9907
9939
9894
9954
9900
9946
9902
9934
9927
9912
9944
9897
9950
9896
9945
9905
9931
9921
9904
9944
9895
9951
9897
9947
9904
9928
9924
9906
9944
9894
9953
9895
9943
9905
9921
9928
9900
9946
9894
9951
9893
9936
9905
9923
9930
9902
9945
9898
9947
9900
9937
9906
9918
9931
9897
9949
9890
9954
9897
9938
9919
9915
9936
9897
9947
9891
9949
9893
9936
9914
9916
9941
9895
9949
9895
9949
9895
9932
9918
9914
9941
9897
9952
9894
9947
9901
9932
9921
9909
9939
9893
9948
9892
9947
9900
9927
9922
9909
9944
9894
9949
9891
9942
9903
9925
9927
9901
9944
9893
9950
9893
9942
9907
9918
9930
9902
9945
9895
9948
9893
9936
9908
9916
9930
9902
9945
9885
9948
9890
9939
9913
9915
9932
9892
9946
9892
9952
9896
9940
9915
9912
9929
9891
9942
9889
9947
9901
9935
9915
9914
9934
9894
9943
9887
9944
9902
9931
9917
9907
9937
9893
9952
9889
9948
9902
9930
9917
9907
9943
9894
9949
9891
9945
9900
9926
9924
9908
9937
9894
9947
9892
9937
9901
9920
9924
9901
9944
9891
9951
9893
9943
9905
9923
9924
9903
9942
9890
9945
9889
9938
9904
9918
9927
9901
9946
9893
9947
9894
9942
9906
9920
9932
9898
9946
9893
9945
9894
9939
9916
9913
9929
9898
9944
9889
9946
9896
9931
9913
9917
9934
9894
9948
9884
9949
9893
9927
9912
9908
9932
9893
9949
9888
9943
9890
9930
9917
9907
9937
9888
9945
9885
9944
9898
9925
9917
9906
9943
9887
9945
9884
9940
9898
9919
9917
9899
9939
9888
9943
9881
9935
9896
9916
9917
9897
9938
9883
9943
9889
9938
9898
9907
9923
9890
9942
9882
9941
9883
9927
9902
9910
9921
9892
9939
9881
9939
9885
9927
9899
9902
9924
9883
9937
9881
9936
9884
9922
9902
9903
9919
9881
9939
9877
9926
9885
9918
9906
9891
9924
9879
9931
9872
9926
9885
9907
9898
9887
9919
9871
9922
9873
9915
9881
9897
9899
9879
9908
9866
9916
9869
9909
9870
9894
9901
9874
9915
9868
9919
9866
9913
9874
9895
9900
9872
9914
9858
9911
9861
9904
9875
9885
9895
9868
9910
9859
9916
9863
9906
9877
9883
9898
9865
9912
9859
9913
9861
9900
9878
9877
9898
9860
9909
9856
9913
9861
9891
9877
9871
9894
9857
9908
9856
9905
9861
9894
9881
9866
9900
9855
9907
9857
9902
9858
9886
9876
9868
9884
9861
9898
9856
9902
9866
9890
9876
9862
9897
9853
9902
9852
9900
9865
9882
9877
9862
9900
9850
9901
9848
9892
9862
9874
9883
9864
9897
9851
9908
9856
9896
9866
9881
9881
9860
9903
9853
9903
9854
9897
9868
9871
9886
9862
9901
9849
9901
9859
9888
9869
9872
9889
9860
9900
9858
9901
9857
9889
9871
9868
9894
9856
9903
9852
9897
9860
9884
9853
9855
9823
9858
9819
9845
9819
9837
9825
9828
9838
9814
9845
9817
9843
9823
9831
9830
9821
9837
9812
9845
9812
9838
9819
9829
9831
9820
9840
9812
9846
9816
9844
9821
9829
9832
9819
9841
9809
9844
9812
9836
9827
9826
9834
9820
9841
9811
9850
9816
9843
9827
9832
9834
9822
9844
9818
9850
9816
9836
9826
9833
9835
9815
9847
9819
9845
9825
9843
9827
9827
9840
9819
9848
9818
9851
9822
9840
9825
9830
9840
9822
9850
9815
9851
9824
9838
9831
9829
9843
9820
9848
9819
9850
9823
9840
9835
9827
9844
9823
9853
9819
9847
9826
9837
9835
9831
9846
9818
9844
9817
9841
9820
9834
9838
9825
9842
9814
9848
9816
9842
9829
9834
9836
9821
9843
9813
9847
9814
9845
9829
9826
9836
9817
9846
9815
9842
9816
9844
9826
9829
9836
9819
9842
9810
9843
9813
9838
9827
9826
9834
9819
9842
9808
9845
9819
9836
9828
9825
9835
9811
9845
9812
9845
9820
9836
9825
9821
9838
9815
9845
9814
9843
9819
9832
9825
9821
9836
9812
9845
9813
9840
9819
9830
9827
9814
9839
9812
9841
9810
9843
9820
9828
9829
9814
9837
9811
9843
9816
9840
9821
9829
9829
9815
9845
9810
9844
9816
9839
9816
9828
9832
9815
9845
9810
9841
9811
9836
9825
9823
9833
9812
9841
9811
9846
9813
9836
9827
9824
9833
9818
9841
9809
9845
9816
