4274
5127
4174
5094
4201
4982
4613
4326
4961
4085
5097
4172
5052
4300
4894
4576
4340
5094
4223
5132
4218
5064
4402
4841
4682
4315
5011
4100
5064
4254
5059
4233
4697
4689
4344
5094
4116
5055
4170
5015
4369
4591
4773
4239
5109
4081
5075
4203
4983
4443
4567
4776
4212
5105
4191
5067
4234
4950
4481
4482
4882
4166
5053
4182
5057
4229
4982
4527
4382
4884
4102
5019
4074
5028
4278
4962
4487
4407
4856
4136
5015
4144
5022
4298
4885
4559
4373
5048
4157
5068
4103
4994
4352
4884
4661
4322
5045
4159
5092
4234
5049
4331
4784
4693
4161
5054
4184
4899
4243
4970
4363
4646
4786
4238
5021
4134
5099
4274
4969
4377
4488
4878
4276
5032
4123
5070
4284
4947
4442
4539
4880
4304
5087
4136
5058
4182
5110
4480
4445
4966
4207
5028
4097
5139
4247
4943
4537
4322
4921
4120
5073
4209
5039
4372
4890
4650
4315
4962
4132
5090
4157
5074
4350
4809
4664
4395
4988
4101
5032
4162
5126
4345
4726
4751
4208
5038
4156
5063
4175
5028
4534
4656
4792
4247
5117
4125
5058
4229
5059
4482
4562
4809
4273
5013
4200
5039
4215
4996
4513
4464
4892
4145
5040
4233
5137
4134
4993
4403
4444
4804
4133
5133
4165
5044
4193
4978
4474
4382
5001
4211
5040
4134
5080
4450
4799
4629
4324
5016
4105
5037
4198
4963
4304
4759
4690
4207
5062
4145
5048
4178
5058
4364
4731
4762
4193
5008
4105
5059
4122
5015
4413
4683
4867
4159
4979
4121
5034
4267
5005
4345
4515
4812
4147
5115
4128
5099
4290
4929
4480
4448
4899
4138
5071
4125
5053
4202
4974
4467
4464
4990
4140
5090
4140
5053
4302
4945
4522
4347
4957
4093
5062
4152
5017
4205
4838
4520
4364
5019
4083
5032
4146
5087
4317
4746
4772
4187
4913
4124
5029
4141
5010
4397
4699
4724
4208
4994
4148
5083
4264
5029
4338
4495
4801
4194
5031
4170
5075
4277
4972
4473
4534
4854
4171
5047
4059
5062
4273
4945
4451
4438
4934
4127
5077
4078
5105
4310
5003
4532
4411
4886
4057
5048
4131
5017
4306
4943
4471
4387
4944
4141
5040
4161
4961
4307
4873
4580
4210
4984
4171
5037
4153
5039
4384
4735
4639
4209
4991
4153
5071
4115
5028
4353
4773
4654
4305
5055
4138
5064
4165
5011
4476
4643
4846
4204
4997
4147
5075
4309
5067
4393
4568
4923
4309
5083
4273
5060
4197
5020
4557
4569
4998
4243
5051
4214
5051
4268
4984
4591
4438
5006
4266
5096
4307
5116
4367
4872
4634
4449
4956
4133
5178
4222
5020
4375
4801
4632
4414
5105
4227
5142
4240
5050
4420
4732
4707
4412
5028
4090
5140
4266
5055
4421
4791
4832
4432
5084
4235
5072
4272
5117
4463
4733
4879
4323
5075
4239
5127
4306
5129
4414
4628
4863
4220
5046
4180
5135
4385
4994
4489
4544
4935
4161
5109
4233
5035
4301
5019
4643
4582
5031
4298
5083
4214
5163
4320
4842
4649
4521
4995
4298
5160
4267
5152
4405
4911
4590
4401
5041
4189
5057
4130
5141
4450
4806
4756
4405
5022
4186
5154
4266
5113
4409
4822
4853
4360
5064
4252
5171
4261
5107
4534
4630
4833
4293
5027
4257
5188
4305
5115
4426
4628
4964
4308
5054
4196
5187
4232
5035
4457
4623
4947
4257
5098
4278
5085
4450
4941
4603
4487
5015
4201
5226
4225
5062
4398
4938
4635
4381
5121
4234
5114
4279
5142
4518
4870
4718
4436
5045
4283
5078
4225
5118
4436
4791
4726
4304
5175
4200
5090
4296
5060
4409
4698
4826
4296
5098
4135
5191
4256
5055
4528
4679
4794
4275
4988
4223
5085
4344
5051
4534
4621
4895
4342
5101
4247
5192
4322
4998
4549
4591
4914
4443
5051
4177
5064
4354
4951
4631
4506
5026
4265
5035
4239
5050
4383
4853
4741
4404
5058
4206
5150
4299
5079
4335
4825
4754
4524
4972
4256
5052
4275
5153
4408
4860
4855
4369
5097
4225
5145
4284
5078
4415
4804
4796
4374
5108
4168
5173
4212
5059
4538
4586
4862
4276
5051
4252
5130
4264
4929
4473
4631
4921
4282
5169
4226
5204
4305
4954
4518
4631
4954
4390
5110
4194
5130
4350
4995
4578
4554
4965
4192
5148
4201
5135
4338
4932
4703
4425
5035
4280
5106
4252
5056
4388
4911
4707
4404
5011
4332
5112
4265
5131
4490
4770
4818
4428
5116
4259
5145
4335
5059
4368
4701
4838
4370
5068
4273
5173
4234
5057
4459
4738
4898
4273
5051
4298
5109
4194
5011
4434
4613
4900
4338
5137
4328
5176
4372
5042
4535
4548
4933
4259
5122
4235
5109
4327
4925
4643
4515
4927
4291
5074
4251
5132
4348
4971
4686
4466
4974
4263
5160
4285
5083
4383
4951
4763
4471
5053
4208
5097
4216
5068
4410
4745
4769
4380
5076
4190
5142
4198
5069
4460
4733
4769
4302
5056
4179
5168
4257
4996
4450
4768
4906
4293
5102
4240
5137
4334
5071
4517
4566
4912
4403
5133
4259
5148
4301
5045
4607
4630
4945
4345
5096
4185
5100
4254
5028
4648
4507
5020
4318
5092
4174
5106
4281
4987
4662
4449
4992
4332
5091
4118
5170
4379
4879
4817
4436
5051
4221
5173
4324
5073
4458
4784
4830
4409
5098
4217
5154
4204
5091
4509
4779
4845
4361
5060
4263
5109
4333
5075
4354
4768
4870
4314
4985
4316
5186
4283
5146
4512
4568
4903
4204
5102
4237
5138
4345
4959
4605
4530
5039
4299
5101
4129
5101
4293
5007
4602
4496
4992
4189
5098
4247
5081
4307
4927
4669
4415
4876
4298
5127
4282
5074
4431
4887
4638
4372
5055
4223
5040
4219
5088
4334
4849
4751
4316
5127
4284
5050
4220
4979
4460
4629
4821
4321
5089
4165
5097
4232
5112
4465
4656
4895
4401
5099
4188
5174
4268
4928
4489
4577
4884
4277
5051
4236
5083
4273
4961
4493
4419
4975
4176
5114
4122
5070
4261
4947
4524
4431
5024
4165
5031
4121
5147
4281
4947
4559
4341
4956
4254
5081
4110
4949
4312
4896
4623
4283
4978
4054
5094
4089
4992
4300
4814
4657
4333
4968
4117
5139
4169
4942
4288
4772
4750
4273
4931
4114
5059
4143
5006
4354
4567
4722
4187
5007
4156
5084
4219
4953
4442
4567
4836
4133
5008
4179
5030
4463
4755
4523
4630
4852
4501
4885
4578
4820
4597
4752
4698
4569
4773
4520
4807
4510
4794
4567
4723
4747
4557
4801
4545
4825
4529
4822
4606
4695
4725
4583
4831
4510
4812
4532
4760
4592
4661
4760
4556
4818
4553
4812
4554
4770
4630
4662
4760
4546
4824
4543
4774
4596
4762
4661
4624
4750
4569
4829
4539
4801
4603
4765
4661
4619
4777
4594
4832
4554
4803
4604
4733
4681
4607
4811
4573
4817
4560
4821
4618
4712
4708
4620
4819
4556
4808
4572
4797
4620
4714
4747
4601
4813
4556
4858
4573
4788
4650
4692
4750
4571
4832
4552
4832
4567
4774
4668
4683
4772
4579
4824
4550
4836
4579
4771
