7251
7184
7243
7188
7241
7207
7230
7231
7209
7250
7195
7265
7210
7264
7225
7243
7248
7219
7263
7214
7271
7217
7268
7236
7255
7255
7235
7274
7219
7282
7228
7272
7237
7256
7260
7233
7280
7223
7284
7226
7278
7243
7255
7261
7233
7275
7222
7282
7230
7270
7245
7252
7264
7229
7277
7226
7281
7232
7271
7247
7247
7263
7228
7278
7223
7280
7234
7270
7248
7246
7269
7226
7279
7225
7286
7234
7269
7250
7245
7272
7229
7279
7228
7275
7240
7265
7256
7243
7270
7220
7282
7227
7282
7237
7262
7253
7239
7272
7223
7281
7224
7281
7240
7254
7258
7234
7279
7223
7283
7218
7278
7238
7251
7252
7231
7279
7224
7281
7228
7277
7243
7253
7259
7229
7280
7226
7282
7230
7270
7240
7253
7262
7236
7284
7225
7283
7231
7272
7244
7248
7265
7231
7278
7228
7281
7233
7266
7246
7251
7267
7230
7284
7225
7275
7231
7267
7251
7247
7274
7224
7283
7228
7278
7227
7265
7256
7242
7273
7226
7281
7225
7281
7235
7264
7255
7242
7277
7232
7283
7223
7275
7238
7258
7254
7238
7278
7225
7281
7231
7272
7244
7259
7258
7235
7272
7222
7281
7226
7275
7245
7258
7261
7228
7275
7225
7282
7230
7273
7238
7245
7266
7233
7278
7225
7284
7226
7274
7249
7253
7271
7235
7280
7227
7280
7231
7268
7250
7247
7263
7226
7282
7224
7278
7230
7263
7248
7243
7272
7226
7281
7224
7281
7235
7265
7252
7243
7269
7223
7280
7225
7276
7230
7258
7250
7237
7274
7225
7282
7227
7276
7234
7254
7258
7236
7273
7225
7280
7222
7275
7238
7258
7261
7234
7277
7225
7287
7227
7276
7238
7256
7261
7230
7278
7218
7277
7226
7269
7244
7253
7266
7231
7278
7226
7286
7229
7272
7240
7250
7261
7224
7281
7226
7277
7227
7269
7245
7247
7264
7231
7283
7224
7281
7227
7269
7246
7247
7274
7232
7280
7222
7276
7236
7263
7251
7243
7270
7222
7278
7223
7275
7237
7262
7253
7239
7272
7223
7286
7224
7279
7237
7258
7254
7238
7277
7226
7280
7225
7278
7240
7257
7258
7233
7272
7223
7280
7222
7270
7235
7257
7261
7233
7280
7223
7280
7229
7273
7242
7250
7259
7233
7275
7227
7281
7227
7270
7242
7252
7263
7229
7280
7221
7278
7230
7272
7243
7242
7268
7231
7281
7223
7276
7230
7264
7247
7244
7271
7226
7285
7222
7279
7230
7263
7256
7245
7275
7224
7282
7222
7278
7232
7260
7250
7233
7269
7223
7281
7224
7274
7233
7261
7252
7236
7274
7223
7279
7220
7275
7237
7257
7254
7238
7277
7228
7279
7226
7270
7235
7259
7259
7234
7275
7224
7280
7229
7277
7242
7248
7257
7228
7278
7222
7281
7222
7271
7241
7247
7264
7228
7279
7226
7283
7229
7267
7244
7247
7267
7230
7276
7230
7278
7229
7266
7247
7241
7265
7226
7282
7224
7280
7228
7265
7246
7239
7267
7225
7286
7224
7275
7232
7264
7252
7238
7272
7226
7281
7223
7277
7236
7261
7250
7238
7268
7222
7280
7221
7271
7234
7257
7259
7231
7272
7223
7278
7225
7274
7241
7256
7256
7235
7278
7220
7278
7217
7267
7238
7253
7262
7230
7276
7221
7276
7228
7270
7240
7250
7259
7230
7281
7224
7281
7228
7272
7243
7248
7268
7228
7277
7222
7277
7227
7267
7245
7247
7267
7227
7278
7227
7280
7228
7263
7246
7246
7270
7226
7280
7220
7275
7229
7264
7253
7232
7270
7227
7284
7219
7280
7228
7259
7249
7237
7273
7223
7281
7217
7277
7235
7263
7254
7239
7274
7223
7281
7225
7271
7237
7255
7257
7237
7274
7220
7285
7227
7277
7239
7248
7255
7236
7281
7218
7278
7229
7269
7243
7245
7261
7230
7279
7218
7276
7225
7269
7242
7249
7263
7233
7278
7218
7272
7229
7270
7246
7246
7264
7227
7279
7219
7281
7232
7268
7249
7243
7266
7230
7276
7221
7276
7234
7265
7254
7241
7266
7224
7282
7222
7274
7236
7263
7257
7238
7274
7218
7279
7222
7276
7236
7256
7250
7232
7277
7222
7280
7224
7271
7236
7260
7252
7229
7273
7221
7278
7227
7270
7235
7250
7256
7232
7276
7223
7278
7223
7269
7242
7251
7259
7228
7279
7220
7279
7231
7268
7244
7253
7261
7228
7281
7221
7278
7224
7266
7247
7249
7257
7227
7283
7225
7277
7229
7267
7246
7243
7264
7228
7277
7225
7278
7231
7260
7246
7240
7272
7225
7278
7228
7278
7227
7257
7254
7238
7271
7224
7275
7219
7273
7234
7257
7254
7235
7271
7220
7277
7221
7273
7236
7256
7256
7235
7273
7221
7281
7226
7273
7235
7254
7258
7233
7275
7223
7276
7225
7274
7241
7253
7253
7228
7277
7220
7276
7226
7275
7242
7251
7261
7224
7277
7227
7281
7228
7265
7242
7245
7265
7229
7276
7222
7280
7224
7266
7243
7246
7265
7232
7282
7223
7277
7228
7267
7246
7241
7264
7230
7279
7219
7274
7228
7263
7250
7238
7268
7223
7280
7225
7279
7231
7255
7248
7235
7267
7223
7279
7222
7273
7236
7256
7251
7237
7274
7219
7279
7220
7270
7238
7251
7256
7229
7271
7221
7279
7223
7270
7236
7251
7254
7235
7276
7220
7281
7226
7269
7243
7249
7259
7229
7272
7220
7278
7226
7265
7244
7243
7261
7228
7279
7217
7276
7224
7261
7241
7243
7265
7226
7277
7223
7275
7230
7261
7241
7239
7272
7225
7279
7220
7271
7225
7264
7246
7238
7268
7222
7278
7222
7271
7227
7258
7251
7237
7274
7222
7280
7223
7273
7232
7258
7251
7235
7269
7225
7278
7222
7276
7233
7251
7253
7229
7273
7219
7282
7220
7273
7237
7255
7256
7233
7278
7220
7276
7225
7273
7238
7247
7259
7228
7277
7219
7276
7222
7262
7244
7245
7261
7225
7279
7219
7275
7226
7266
7243
7245
7265
7226
7277
7223
7277
7228
7260
7248
7239
7266
7227
7282
7220
7275
7230
7259
7245
7238
7268
7224
7281
7223
7280
7227
7258
7248
7238
7274
7223
7278
7223
7275
7232
7257
7247
7236
7272
7219
7280
7222
7269
7235
7255
7253
7230
7271
7220
7281
7228
7271
7235
7253
7254
7229
7271
7219
7280
7219
7268
7239
7248
7260
7227
7276
7216
7274
7227
7269
7240
7243
7259
7228
7277
7217
7278
7227
7267
7241
7248
7264
7226
7274
7223
7274
7228
7263
7245
7243
7263
7222
7276
7223
7274
7229
7261
7245
7244
7264
7222
7279
7215
7271
7229
7260
7252
7242
7272
7223
7279
7219
7274
7231
7256
7247
7228
7267
7224
7278
7225
7273
7231
7252
7253
7232
7275
7219
7275
7219
7274
7234
7255
7255
7229
7267
7217
7280
7222
7264
7234
7249
7254
7232
7273
7219
7275
7224
7269
7234
7248
7256
7220
7274
7223
7271
7226
7270
7243
7241
7263
7222
7275
7217
7274
7226
7263
7241
7240
7261
7222
7278
7220
7270
7225
7263
7244
7239
7262
7221
7277
7223
7270
7232
7258
7246
7236
7274
7223
7278
7219
7272
7231
7254
7247
7233
7268
7217
7279
7226
7270
7231
7250
7246
7234
7274
7217
7277
7220
7272
7235
7254
7253
7229
7273
7223
7280
7218
7269
7230
7250
7251
7224
7277
7216
7282
7223
7265
7242
7247
7256
7230
7272
7218
7272
7221
7266
7242
7242
7263
7222
7272
7216
7277
7229
7265
7239
7245
7264
7227
7280
7216
7275
7218
7260
7243
7238
7263
7216
7281
7220
7278
7228
7258
7244
7238
7267
7224
7280
7217
7273
7227
7257
7248
7235
7268
7219
7281
7224
7271
7234
7251
7255
7233
7270
7216
7275
7219
7271
7233
7251
7251
7227
7273
7222
7276
7226
7268
7236
7249
7260
7225
7273
7215
7280
7221
7264
7240
7249
7262
7225
7271
7226
7276
7222
7262
7244
7248
7260
7224
7279
7215
7278
7220
7265
7243
7244
7258
7223
7274
7221
7271
7222
7258
7239
7241
7258
7224
7278
7220
7278
7224
7262
7245
7239
7262
7217
7279
7221
7271
7229
7262
7241
7232
7266
7220
7280
7219
7271
7229
7254
7252
7231
7267
7221
7275
7221
7268
7234
7252
7257
7230
7269
7222
7277
7214
7272
7233
7251
7249
7229
7269
7215
7276
7223
7265
7230
7245
7260
7226
7274
7215
7278
7220
7265
7239
7246
7257
7225
7275
7223
7274
7225
7266
7246
7243
7258
7223
7274
7212
7271
7229
7264
7239
7237
7267
7225
7276
7219
7275
7228
7259
7246
7238
7264
7223
7276
7217
7274
7228
7259
7248
7234
7264
7217
7279
7219
7271
7229
7253
7241
7236
7270
7221
7277
7219
7266
7235
7253
7250
7228
7269
7221
7274
7215
7267
7233
7245
7255
7230
7270
7214
7275
7219
7270
7232
7246
7257
7228
7271
7214
7272
7220
7261
7237
7249
7257
7223
7277
7218
7278
7220
7264
7236
7240
7256
7226
7273
7210
7275
7219
7267
7239
7241
7260
7226
7275
7215
7273
7221
7257
7244
7234
7268
7219
7275
7220
7270
7227
7260
7242
7235
7271
7219
7278
7217
7273
7224
7258
7246
7234
7268
7222
7274
7215
7272
7229
7250
7248
7230
7272
7219
7272
7220
7268
7227
7253
7251
7225
7267
7218
7275
7217
7270
7234
7248
7248
7225
7274
7215
7275
7213
7264
7233
7244
7256
7220
7269
7218
7276
7222
7266
7236
7247
7259
7225
7274
7216
7273
7220
7262
7237
7243
7258
7219
7275
7215
7274
7228
7258
7242
7240
7265
7225
7274
7224
7274
7227
7259
7243
7233
7265
7220
7278
7214
7274
7230
7260
7246
7234
7270
7221
7276
7215
7267
7230
7251
7247
7229
7268
7220
7274
7218
7266
7233
7252
7247
7229
7264
7216
7276
7223
7266
7236
7247
7251
7227
7274
7217
7277
7222
7267
7234
7246
7250
7223
7275
7215
7272
7217
7267
7234
7246
7263
7226
7273
7213
7271
7225
7264
7240
7238
7258
7216
7276
7218
7273
7221
7260
7235
7242
7258
7220
7274
7216
7272
7221
7256
7245
7237
7264
7222
7278
7218
7268
7225
7255
7239
7230
7262
7222
7277
7217
7269
7230
7250
7246
7235
7271
7216
7272
7214
7269
7231
7248
7249
7230
7271
7214
7275
7221
7270
7227
7250
7248
7228
7268
7217
7276
7219
7264
7237
7244
7254
7228
7271
7217
7273
7219
7261
7236
7244
7258
7217
7275
7212
7269
7220
7266
7237
7240
7252
7217
7274
7213
7275
7224
7263
7240
7236
7261
7224
7277
7213
7275
7224
7262
7239
7232
7259
7214
7275
7210
7271
7219
7252
7237
7225
7264
7210
7268
7205
7267
7219
7246
7237
7224
7261
7203
7265
7204
7266
7216
7245
7238
7217
7262
7200
7264
7202
7260
7212
7237
7239
7214
7265
7199
7267
7199
7259
7214
7233
7239
7211
7265
7193
7265
7193
7256
7221
7226
7239
7200
7262
7187
7268
7192
7251
7215
7222
7248
7198
7258
7192
7263
7203
7250
7227
7226
7255
7206
7269
7205
7270
7210
7252
7234
7227
7256
7205
7270
7202
7263
7217
7246
7237
7225
7258
7204
7269
7200
7257
7220
7239
7234
7215
7254
7203
7258
7203
7247
7215
7233
7232
7207
7249
7193
7250
7197
7247
7212
7223
7226
7203
7250
7192
7243
7197
7238
7210
7213
7228
7191
7247
7187
7245
7190
7234
7213
7207
7224
7191
7238
7188
7242
7191
7222
7202
7211
7189
7208
7179
7195
7170
7179
7178
7165
7185
7156
7188
7156
7182
7167
7175
7178
7169
7190
7158
7190
7160
7185
7168
7174
7181
7166
7193
7162
7193
7170
7189
7177
7180
7188
7173
7199
7171
7195
7185
7194
7192
7185
7200
7184
7206
7195
7192
7201
7188
7213
7186
7213
7187
7210
7192
7192
7213
7186
7228
7191
7220
7196
7218
7200
7205
7205
7199
7199
7184
7214
7184
7210
7187
7211
7202
7200
7218
7195
7222
7222
7191
7234
7185
7246
7198
7232
7207
7203
7231
7189
7246
7190
7238
7190
7225
7208
7201
7231
7184
7244
7184
7237
7196
7222
7211
7201
7232
7182
7241
7188
7237
7197
7219
7214
7197
7234
7190
7240
7186
7239
7199
7217
7219
7194
7240
7182
7241
7188
7237
7204
7222
7217
7200
7241
7182
7246
7188
7200
