24449
24449
24449
24449
24448
24449
24448
24449
24448
24449
24448
24448
24449
24449
24449
24448
24448
24450
24449
24449
24449
24449
24448
24449
24448
24250
24469
24466
24464
24463
24470
24471
24471
24467
24470
24467
24467
24467
24463
24466
24465
24467
24469
24463
24472
24462
24462
24469
24469
24465
24463
24465
24461
24463
24468
24467
24466
24468
24469
24467
24465
24471
24473
24470
24468
24471
24464
24466
24466
24464
24463
24462
24467
24467
24463
24464
24467
24463
24467
24467
24463
24465
24464
24467
24462
24465
24467
24469
24465
24463
24463
24462
24469
24466
24465
24467
24466
24469
24471
24467
24466
24468
24466
24461
24466
24466
24471
24466
24467
24464
24469
24461
24468
24468
24465
24468
24467
24467
24469
24467
24466
24466
24464
24465
24461
24461
24470
24465
24469
24461
24470
24468
24466
24465
24465
24460
24462
24468
24463
24466
24461
24465
24468
24463
24464
24465
24466
24465
24461
24462
24465
24463
24465
24468
24466
24466
24465
24464
24462
24466
24464
24468
24462
24463
24463
24467
24468
24464
24466
24459
24467
24467
24468
24462
24464
24471
24466
24463
24462
24462
24463
24467
24464
24466
24465
24464
24466
24467
24465
24466
24470
24467
24466
24463
24464
24462
24466
24461
24463
24466
24464
24462
24465
24463
24468
24465
24466
24462
24461
24464
24464
24463
24466
24462
24463
24467
24463
24464
24465
24467
24463
24466
24463
24466
24463
24465
24461
24464
24467
24461
24464
24467
24463
24468
24466
24466
24464
24464
24460
24467
24462
24461
24460
24462
24462
24461
24464
24467
24464
24465
24464
24460
24462
24462
24461
24468
24462
24468
24462
24464
24459
24461
24465
24466
24461
24466
24462
24462
24461
24464
24468
24466
24465
24465
24463
24462
24463
24462
24462
24463
24465
24463
24462
24460
24463
24465
24468
24464
24464
24462
24462
24462
24464
24460
24464
24468
24460
24463
24460
24462
24464
24461
24459
24467
24465
24465
24465
24463
24462
24467
24465
24462
24466
24465
24469
24466
24463
24464
24465
24460
24463
24465
24464
24465
24463
24459
24462
24460
24462
24466
24465
24464
24464
24464
24462
24461
24461
24465
24460
24462
24467
24467
24468
24463
24462
24463
24464
24464
24460
24465
24465
24459
24462
24462
24462
24460
24459
24461
24461
24464
24464
24462
24463
24467
24462
24460
24467
24463
24464
24462
24459
24467
24461
24461
24462
24460
24463
24465
24464
24461
24462
24465
24464
24465
24462
24463
24464
24461
24463
24461
24462
24464
24464
24466
24466
24464
24463
24466
24461
24463
24461
24458
24461
24463
24462
24462
24462
24464
24460
24467
24463
24460
24461
24465
24467
24467
24466
24461
24463
24461
24457
24462
24458
24463
24461
24458
24464
24464
24464
24462
24462
24458
24459
24460
24459
24462
24466
24463
24464
24464
24465
24461
24461
24467
24463
24462
24467
24461
24462
24465
24462
24465
24465
24459
24466
24469
24462
24466
24460
24459
24458
24461
24464
24463
24459
24464
24463
24460
24466
24466
24464
24468
24463
24463
24461
24463
24463
24465
24466
24460
24462
24463
24463
24459
24462
24463
24464
24464
24462
24465
24466
24464
24463
24466
24462
24465
24463
24462
24465
24462
24461
24460
24462
24462
24464
24462
24459
24463
24463
24461
24459
24460
24465
24463
24463
24463
24464
24461
24460
24465
24464
24465
24467
24468
24460
24464
24468
24464
24458
24463
24461
24465
24464
24463
24469
24463
24463
24464
24460
24461
24460
24465
24461
24460
24465
24465
24464
24464
24464
24464
24463
24464
24462
24466
24463
24463
24462
24460
24462
24465
24460
24462
24465
24463
24462
24464
24462
24465
24460
24463
24465
24461
24461
24466
24456
24463
24461
24464
24460
24463
24461
24458
24460
24461
24464
24462
24464
24460
24464
24464
24461
24460
24462
24460
24464
24462
24464
24463
24459
24466
24466
24462
24461
24463
24463
24463
24456
24459
24461
24461
24458
24459
24460
24462
24463
24460
24464
24467
24463
24464
24464
24459
24463
24461
24465
24463
24459
24460
24458
24463
24462
24464
24463
24461
24459
24462
24463
24461
24460
24462
24457
24459
24462
24464
24467
24467
24461
24462
24465
24467
24465
24464
24463
24463
24465
24464
24462
24462
24462
24463
24460
24461
24460
24463
24462
24464
24462
24465
24461
24464
24464
24461
24459
24459
24462
24459
24460
24459
24464
24465
24463
24465
24457
24469
24465
24463
24461
24463
24462
24463
24464
24459
24460
24460
24465
24463
24462
24459
24460
24462
24462
24465
24461
24464
24464
24459
24463
24460
24463
24464
24463
24463
24457
24465
24459
24462
24460
24461
24462
24462
24463
24465
24460
24463
24462
24460
24465
24460
24462
24463
24464
24460
24463
24464
24465
24462
24460
24459
24463
24460
24461
24462
24458
24460
24468
24463
24463
24464
24463
24460
24462
24462
24460
24466
24461
24466
24464
24461
24463
24466
24465
24463
24461
24461
24465
24466
24462
24458
24462
24464
24461
24460
24459
24462
24463
24464
24464
24463
24466
24465
24464
24462
24461
24461
24467
24461
24460
24459
24462
24461
24463
24462
24458
24460
24461
24463
24461
24459
24463
24466
24461
24463
24462
24461
24464
24464
24461
24465
24468
24464
24463
24462
24461
24468
24464
24460
24462
24460
24464
24463
24458
24459
24461
24461
24459
24466
24463
24459
24462
24466
24462
24460
24458
24461
24462
24460
24460
24458
24464
24460
24461
24463
24465
24464
24463
24463
24467
24463
24465
24462
24460
24463
24460
24465
24463
24459
24463
24463
24461
24461
24459
24464
24461
24460
24461
24463
24459
24458
24460
24464
24463
24458
24461
24461
24462
24465
24465
24461
24463
24459
24461
24465
24460
24461
24459
24462
24460
24463
24459
24461
24461
24458
24462
24460
24464
24460
24464
24459
24463
24460
24465
24458
24465
24466
24462
24463
24459
24465
24466
24465
24460
24462
24460
24462
24465
24466
24464
24464
24464
24459
24464
24463
24462
24459
24465
24464
24460
24459
24461
24462
24462
24462
24461
24462
24461
24460
24462
24460
24463
24466
24464
24463
24461
24464
24462
24462
24461
24462
24462
24461
24462
24462
24461
24462
24462
24465
24463
24457
24459
24464
24460
24460
24462
24460
24460
24463
24462
24465
24462
24465
24461
24464
24462
24462
24459
24461
24464
24458
24463
24464
24464
24465
24462
24461
24463
24461
24458
24460
24460
24461
24465
24465
24464
24463
24462
24460
24460
24462
24460
24464
24464
24463
24462
24464
24465
24467
24465
24463
24462
24462
24462
24467
24465
24462
24463
24462
24461
24462
24461
24466
24464
24464
24464
24462
24462
24461
24461
24461
24464
24460
24464
24464
24464
24463
24466
24463
24464
24463
24463
24462
24462
24460
24459
24462
24462
24459
24460
24461
24466
24461
24458
24465
24460
24459
24465
24463
24459
24462
24464