24544
24542
24544
24519
24541
24544
24542
24520
24542
24542
24542
24536
24313
24543
24542
24542
24529
24540
24541
24541
24529
24542
24543
24543
24542
24541
24542
24543
24543
24541
24543
24542
24529
24542
24541
24541
24528
24542
24544
24543
24529
24541
24541
24540
24543
24543
24543
24542
24529
24542
24543
24541
24530
24543
24543
24543
24531
24544
24543
24544
24544
24544
24543
24540
24541
24539
24543
24541
24540
24541
24544
24539
24542
24540
24541
24533
24542
24542
24542
24530
24540
24540
24539
24541
24543
24543
24542
24531
24541
24540
24543
24530
24544
24544
24543
24529
24542
24541
24543
24544
24542
24542
24543
24528
24542
24542
24543
24531
24542
24541
24543
24526
24540
24540
24540
24528
24543
24544
24544
24528
24541
24545
24542
24528
24542
24543
24541
24542
24542
24541
24541
24542
24544
24544
24540
24542
24542
24542
24542
24542
24543
24542
24526
24540
24545
24543
24523
24543
24545
24543
24531
24541
24541
24542
24544
24544
24543
24542
24543
24541
24544
24542
24529
24543
24541
24543
24527
24543
24543
24543
24533
24542
24542
24543
24543
24542
24540
24541
24529
24542
24542
24542
24526
24542
24541
24544
24529
24544
24543
24544
24542
24542
24543
24543
24528
24540
24541
24543
24524
24544
24543
24542
24541
24542
24543
24544
24544
24543
24543
24539
24540
24541
24543
24541
24543
24543
24540
24530
24542
24545
24543
24531
24542
24542
24540
24523
24541
24541
24542
24529
24539
24541
24543
24541
24540
24541
24541
24532
24542
24543
24539
24532
24542
24540
24544
24530
24542
24542
24542
24543
24543
24543
24546
24532
24542
24542
24540
24531
24543
24544
24542
24531
24541
24543
24541
24542
24542
24540
24542
24519
24542
24543
24538
24541
24541
24543
24543
24544
24545
24543
24544
24543
24541
24543
24540
24543
24544
24544
24541
24543
24540
24539
24530
24543
24543
24544
24526
24543
24543
24544
24530
24542
24540
24543
24529
24542
24542
24542
24531
24543
24545
24542
24524
24540
24544
24544
24524
24543
24542
24541
24527
24543
24540
24541
24544
24547
24544
24543
24529
24540
24540
24538
24529
24542
24543
24544
24530
24541
24540
24543
24543
24544
24542
24543
24541
24540
24543
24541
24543
24542
24541
24541
24541
24543
24541
24529
24544
24543
24542
24544
24544
24541
24539
24530
24542
24543
24542
24524
24541
24540
24539
24527
24544
24544
24544
24524
24544
24542
24543
24530
24542
24542
24539
24531
24543
24542
24542
24526
24541
24542
24544
24527
24544
24542
24543
24543
24541
24541
24542
24527
24541
24543
24544
24525
24543
24544
24541
24542
24544
24541
24543
24543
24542
24541
24543
24542
24544
24541
24541
24543
24543
24543
24529
24542
24544
24544
24528
24541
24540
24541
24528
24541
24542
24540
24543
24545
24542
24543
24529
24542
24542
24543
24526
24544
24544
24540
24525
24543
24543
24545
24543
24544
24542
24542
24531
24542
24544
24545
24524
24541
24542
24540
24529
24540
24543
24541
24543
24543
24543
24544
24543
24543
24544
24542
24542
24540
24541
24542
24529
24543
24543
24544
24524
24542
24540
24545
24544
24542
24543
24539
24539
24545
24541
24542
24544
24542
24543
24538
24541
24542
24541
24528
24542
24542
24543
24527
24541
24544
24543
24529
24541
24542
24542
24526
24540
24539
24540
24529
24543
24542
24544
24527
24541
24542
24543
24542
24544
24539
24540
24541
24541
24540
24539
24531
24543
24541
24543
24530
24543
24543
24543
24525
24542
24542
24542
24540
24541
24541
24540
24539
24539
24541
24540
24528
24544
24541
24543
24525
24544
24543
24543
24540
24543
24541
24541
24541
24541
24541
24543
24545
24543
24540
24543
24545
24541
24543
24525
24542
24541
24540
24525
24541
24544
24543
24529
24543
24543
24541
24526
24543
24542
24542
24529
24544
24542
24541
24527
24543
24542
24544
24540
24544
24542
24540
24543
24543
24542
24542
24528
24542
24542
24542
24523
24543
24541
24543
24529
24543
24543
24543
24543
24544
24544
24544
24531
24543