22567
24014
23751
23021
24222
22470
24214
22480
24210
22641
24097
23640
23172
24219
22481
24212
22413
24210
22558
24156
23518
23269
24221
22424
24214
22428
24206
22439
24168
23392
23307
24221
22356
24207
22415
24204
22518
24195
23385
23441
24221
22457
24209
22507
24205
22537
24207
23252
23541
24226
22653
24217
22437
24211
22481
24199
23156
23621
24125
22674
24217
22422
24206
22519
24209
23021
23735
24080
22687
24219
22549
24210
22442
24207
22998
23816
23992
22809
24212
22443
24207
22459
24206
22883
23891
23894
22879
24216
22455
24211
22509
24210
22764
23968
23772
22996
24222
22476
24207
22443
24209
22649
23992
23744
23210
24220
22397
24216
22530
24205
22714
24152
23611
23192
24223
22540
24213
22387
24208
22538
24174
23487
23281
24223
22369
24212
22430
24208
22438
24191
23387
23449
24223
22451
24218
22397
24214
22377
24197
23270
23438
24224
22435
24224
22311
24213
22382
24206
23227
23547
24220
22657
24219
22445
24209
22424
24207
23114
23620
24093
22728
24216
22399
24217
22384
24208
23048
23718
23990
22678
24218
22381
24214
22338
24209
22886
23783
23906
22794
24219
22342
24212
22402
24208
22861
23850
23847
23111
24222
22411
24211
22497
24212
22729
23954
23729
23032
24225
22466
24213
22502
24212
22636
24175
23633
23109
24217
22446
24216
22473
24215
22548
24156
23521
23221
24219
22344
24205
22347
24207
22444
24189
23462
23290
24223
22403
24214
22442
24215
22534
24193
23363
23411
24217
22548
24218
22475
24217
22452
24203
23238
23507
24217
22531
24221
22441
24214
22500
24209
23108
23673
24117
22581
24214
22411
24212
22405
24217
22996
23732
24014
22704
24221
22376
24221
22482
24209
23011
23793
23983
22826
24222
22499
24223
22416
24216
22859
23866
23853
22900
24215
22406
24216
22450
24217
22774
24116
23735
22985
24225
22400
24216
22348
24218
22647
24076
23618
23232
24224
22343
24216
22373
24214
22609
24153
23552
23325
24221
22357
24214
22360
24217
22481
24180
23470
23319
24225
22342
24219
22407
24215
22458
24190
23370
23400
24227
22632
24225
22494
24221
22459
24209
23244
23519
24224
22494
24222
22401
24210
22466
24212
23113
23606
24109
22620
24226
22437
24219
22423
24223
22986
23703
24010
22727
24230
22358
24220
22382
24213
22974
23794
23983
22825
24234
22414
24222
22418
24212
22848
23855
23872
22862
24233
22365
24221
22393
24225
22741
23957
23749
22966
24231
22390
24217
22351
24219
22656
24071
23634
23182
24227
22440
24222
22346
24210
22547
24128
23595
23150
24225
22350
24220
22409
24217
22497
24155
23477
23242
24224
22461
24218
22408
24217
22543
24200
23355
23393
24225
22399
24217
22435
24223
22474
24211
23229
23444
24222
22511
24215
22332
24214
22338
24189
23192
23627
24139
22526
24216
22290
24222
22454
24210
23095
23626
24101
22613
24224
22453
24214
22371
24216
22980
23722
24007
22821
24219
22381
24212
22322
24206
22942
23805
23864
22810
24217
22358
24218
22316
24212
22723
23896
23818
22939
24211
22317
24203
22317
24206
22640
24002
23686
23011
24211
22308
24210
22431
24215
22598
24046
23587
23113
24206
22419
24209
22383
24204
22506
24130
23478
23187
24216
22330
24200
22347
24200
22410
24170
23365
23300
24209
22248
24208
22274
24205
22331
24176
23307
23355
24208
22397
24205
22397
24204
22415
24181
23235
23463
24210
22449
24206
22373
24203
22468
24199
23116
23577
24113
22579
24207
22394
24203
22330
24203
23006
23632
23982
22657
24215
22313
24200
22378
24202
23034
23799
23959
22773
24215
22386
24200
22422
24202
22848
23862
23853
22905
24210
22428
24200
22384
24200
22749
23930
23731
22981
24203
22412
24201
22360
24204
22643
24034
23623
23050
24213
22465
24204
22441
24202
22574
24117
23610
23196
24206
22376
24200
22460
24201
22617
24185
23488
23404
24210
22406
24198
22445
24202
22493
24173
23387
23389
24210
22384
24208
22415
24199
22532
24193
23256
23466
24207
22501
24204
22518
24198
22462
24197
23237
23652
24203
22819
24205
22759
24205
22770
24205
23205
23918
24186
22975
24204
22878
24200
22903
24205
23165
24046
24096
23136
24202
22955
24200
22926
24201
23132
24146
24061
23239
24207
23013
24202
23011
24208
23054
24177
23958
23376
24212
22979
24200
23055
24207
23209
24186
23936
23481
24213
23078
24204
23167
24208
23184
24197
23902
23610
24204
23008
24202
22967
24201
22947
24199
23640
23637
24209
23143
24204
23093
24205
23122
24208
23702
23699
24207
22766
24202
22878
24202
23000
24207
23497
23806
24205
22955
24204
23069
24201
22959
24202
23439
24012
24209
23001
24205
22985
24203
22988
24198
23389
23929
24200
23028
24203
23017
24205
23056
24207
23168
23995
24093
23038
24200
22896
24203
22830
24205
23092
24027
24053
22847
24202
22453
24197
22419
24202
23328