24347.79
24310.95
24348.76
24271.14
24321.80
24263.96
24316.47
24303.13
7137.60
12328.92
15943.64
18454.15
20253.81
21382.76
22303.54
22834.68
23319.27
23524.39
23801.17
23869.82
24043.58
24050.90
24170.93
24245.95
24262.17
24321.52
24222.06
24293.44
24214.71
24286.50
24215.25
24286.87
24198.41
24275.69
24190.88
24268.62
24323.33
24322.63
24361.74
24251.12
24311.99
24222.89
24290.42
24220.10
24289.67
24213.27
24283.99
24204.49
24279.64
24331.95
24327.46
24367.53
24259.07
24317.85
24227.29
24296.21
24222.65
24291.75
24210.53
24282.37
24206.36
24277.95
24329.57
24310.50
24354.75
24243.52
24306.37
24219.26
24290.28
24212.20
24284.14
24219.90
24287.73
24208.91
24283.04
24335.23
24301.26
24347.98
24241.18
24304.13
24214.09
24286.06
24202.65
24276.85
24192.00
24271.80
24198.06
24273.04
24329.43
24289.70
24341.69
24241.28
24305.10
24218.07
24288.55
24196.58
24272.91
24193.44
24272.21
24220.85
24288.39
24340.48
24269.53
24326.97
24221.38
24292.97
24216.18
24286.32
24200.73
24276.41
24193.49
24273.14
24199.30
24270.91
24327.34
24263.34
24321.43
24231.31
24299.31
24211.92
24284.24
24202.27
24275.99
24208.19
24282.83
24207.29
24266.90
24325.13
24231.49
24299.45
24219.81
24290.67
24201.67
24277.37
24192.66
24270.16
24196.61
24274.43
24226.90
24287.83
24339.48
24253.54
24313.68
24227.07
24295.45
24199.62
24274.73
24191.41
24268.99
24184.39
24265.27
24215.69
24274.89
24329.52
24214.76
24287.14
24183.30
24265.11
24200.27
24276.09
24208.26
24280.49
24190.64
24268.45
24223.31
24287.42
24339.19
24248.53
24310.47
24209.83
24283.68
24210.28
24282.50
24191.75
24270.72
24216.21
24288.15
24241.60
24288.82
24337.77
24226.54
24295.68
24192.88
24271.51
24179.86
24261.80
24176.66
24257.46
24183.83
24264.28
24226.09
24279.16
24332.51
24227.36
24296.25
24213.38
24285.86
24190.81
24269.76
24185.23
24264.36
24179.36
24262.35
24229.25
24272.67
24327.67
24211.67
24284.37
24192.76
24271.43
24190.60
24269.32
24176.83
24257.88
24165.82
24253.47
24248.23
24285.66
24337.06
24211.04
24286.03
24193.92
24272.25
24186.07
24266.45
24178.41
24260.49
24178.74
24261.32
24274.73
24304.81
24349.87
24215.51
24287.35
24191.85
24269.59
24172.82
24256.27
24171.29
24254.31
24162.72
24251.60
24249.62
24283.64
24336.85
24224.09
24292.76
24189.63
24268.34
24171.34
24254.94
24164.06
24249.84
24177.29
24262.10
24278.57
24306.30
24351.51
24230.46
24298.42
24188.49
24267.54
24150.08
24239.46
24146.62
24236.13
24159.89
24249.33
24263.93
24298.75
24346.83
24227.78
24295.94
24195.16
24271.61
24199.43
24275.50
24208.45
24280.91
24197.84
24274.69
24294.88
24314.12
24356.98
24228.29
24296.90
24196.13
24273.49
24199.84
24275.19
24178.23
24260.06
24189.54
24269.18
24289.83
24290.18
24340.83
24216.98
24288.08
24181.26
24262.18
24181.43
24261.70
24182.59
24263.41
24169.09
24247.36
24279.06
24276.94
24330.66
24219.46
24291.02
24164.72
24250.30
24149.11
24240.28
24158.00
24245.60
24170.72
24244.60
24291.52
24264.97
24324.38
24206.96
24282.27
24177.49
24260.75
24175.32
24258.33
24157.13
24246.19
24171.73
24249.81
24312.57
24262.60
24321.82
24208.47
24282.73
24168.81
24253.77
24152.74
24242.52
24164.66
24250.86
24179.81
24247.06
24309.44
24222.31
24294.52
24183.96
24264.07
24160.55
24248.89
24155.32
24245.52
24139.17
24233.02
24165.51
24236.46
24302.02
24210.51
24285.06
24172.54
24257.58
24142.81
24234.37
24128.66
24225.36
24099.55
24205.89
24139.02
24202.02
24279.71
24167.00
24253.70
24110.99
24212.69
24082.28
24192.00
24084.00
24193.80
24073.26
24188.38
24138.77
24198.54
24277.28
24157.19
24247.43
24111.10
24213.67
24103.37
24207.66
24100.06
24207.74
24105.82
24211.77
24149.44
24186.21
24269.85
24136.99
24232.40
24121.28
24219.89
24097.83
24203.48
24089.33
24196.33
24093.33
24202.74
24153.01
24181.21
24264.25
24138.77
24234.24
24143.87
24235.71
24143.40
24236.58
24115.20
24215.94
24103.76
24210.63
24177.44
24219.01
24291.01
24123.91
24223.54
24120.48
24220.83
24082.28
24193.50
24087.75
24197.33
24127.03
24226.02
24196.31
24206.12
24281.98
24142.19
24236.63
24126.64
24224.55
24111.58
24214.31
24113.42
24214.99
24124.09
24225.16
24227.82
24235.67
24303.57
24166.90
24254.83
24129.18
24225.43
24122.40
24221.88
24113.32
24216.42
24132.30
24228.81
24241.16
24246.81
24311.67
24154.27
24245.09
24136.76
24231.33
24112.43
24213.70
24104.89
24208.73
24130.51
24227.56
24255.29
24285.20
24339.14
24224.80
24293.86
24168.20
24252.74
24122.02
24220.71
24093.60
24201.42
24131.99
24227.70
24260.49
24254.94
24316.16
24180.81
24261.57
24159.40
24247.18
24148.12
24239.29
24104.80
24208.96
24138.77
24233.34
24263.84
24287.29
24339.10
24236.17
24302.42
24184.39
24265.27
24167.99
24253.50
24163.35
24249.34
24178.74
24259.82
24289.87
24270.71
24327.50
24207.05
24281.13
24173.99
24258.00
24158.10
24246.27
24150.79
24241.15
24165.81
24253.76
24281.73
24273.11
24329.48
24203.04
24278.33
24187.33
24267.93
24192.35
24270.25
24165.47
24250.23
24175.16
24257.01
24300.81
24268.47
24323.83
24207.78
24280.44
24177.41
24259.49
24146.54
24237.88
24143.72
24235.60
24157.72
24244.21
24304.44
24284.21
24336.05
24203.73
24278.81
24178.07
24262.05
24150.74
24242.01
24136.41
24231.09
24161.76
24238.63
24305.04
24261.23
24319.06
24203.84
24279.19
24181.33
24262.53
24164.57
24249.00
24161.40
24249.48
24176.44
24232.71
24301.20
24230.34
24298.04
24189.43
24269.10
24147.27
24238.99
24155.29
24243.10
24158.77
24247.94
24175.06
24226.94
24296.86
24218.30
24288.71
24180.20
24262.64
24172.75
24256.83
24148.58
24238.70
24133.49
24229.94
24161.26
24221.48
24290.94
24186.56
24267.69
24164.58
24250.51
24157.66
24247.46
24149.52
24240.26
24155.58
24245.11
24174.28
24235.09
24301.37
24221.16
24290.71
24164.80
24248.56
24147.29
24238.41
24151.58
24242.01
24149.91
24241.43
24174.10
24207.67
24281.27
24171.09
24256.56
24155.90
24245.03
24160.72
24247.50
24141.15
24233.51
24148.16
24240.21
24201.45
24252.61
24312.73
24199.11
24274.98
24177.18
24260.83
24172.68
24255.88
24162.61
24249.43
24153.30
24244.11
24202.08
24242.56
24306.89
24176.72
24259.61
24149.02
24240.82
24140.37
24234.16
24132.11
24226.88
24139.02
24234.11
24198.38
24251.06
24312.25
24196.97
24274.68
24159.58
24247.00
24148.00
24238.60
24140.92
24233.95
24149.36
24241.05
24211.64
24251.05
24313.43
24192.70
24269.59
24172.81
24257.17
24160.52
24246.76
24176.93
24259.45
24163.32
24251.12
24250.49
24290.54
24340.18
24222.23
24292.36
24207.35
24281.95
24180.26
24260.58
24172.81
24255.66
24182.87
24263.01
24285.81
24308.36
24352.66
24238.16
24302.91
24207.24
24279.77
24190.14
24269.00
24195.80
24273.86
24191.70
24269.19
24292.83
24288.38
24337.77
24243.04
24306.33
24221.63
24290.74
24190.62
24267.23
24184.96
24266.87
24192.81
24269.07
24313.75
24308.42
24352.40
24239.48
24303.53
24211.57
24282.50
24192.35
24270.25
24188.87
24267.81
24213.87
24284.11
24330.58
24323.50
24363.25
24245.88
24307.71
24206.70
24279.39
24204.87
24277.51
24182.86
24262.10
24187.07
24260.85
24319.40
24293.48
24341.03
24229.72
24296.11
24206.37
24280.06
24194.84
24270.79
24208.45
24283.02
24211.61
24282.23
24335.56
24291.89
24340.22
24241.46
24303.12
24227.49
24293.94
24203.66
24276.96
24190.57
24269.60
24198.62
24272.83
24326.29
24274.00
24327.10
24225.07
24292.85
24228.39
24296.08
24217.15
24286.71
24181.80
24261.96
24190.27
24249.29
24310.70
24263.09
24320.36
24220.35
24289.55
24199.38
24274.57
24186.80
24264.86
24178.80
24260.76
24200.53
24259.77
24318.34
24238.74
24303.92
24204.04
24277.83
24195.38
24272.67
24186.37
24266.36
24185.55
24265.79
24192.65
24253.66
24314.36
24231.75
24299.63
24223.54
24293.28
24201.09
24275.77
24190.34
24268.54
24190.08
24269.25
24204.08
24259.55
24318.49
24206.14
24279.30
24198.81
24275.07
24197.35
24272.54
24172.48
24256.34
24173.44
24257.91
24218.03
24265.42
24322.90
24207.13
24280.89
24196.02
24272.82
24196.97
24273.18
24175.03
24257.22
24195.05
24273.04
24230.43
24275.30
24328.61
24212.03
24286.42
24172.89
24256.03
24174.42
24256.79
24178.56
24258.49
24168.04
24254.43
24214.70
24256.19
24316.13
24221.29
24291.11
24222.97
24291.68
24199.68
24274.47
24187.93
24266.55
24192.89
24272.72
24252.10
24293.17
24341.12
24233.69
24299.78
24222.75
24291.52
24203.16
24278.12
24195.88
24272.12
24196.18
24273.23
24256.36
24306.05
24352.54
24247.37
24309.36
24215.65
24285.66
24202.96
24276.77
24192.54
24270.38
24193.47
24271.93
24282.45
24325.51
24366.16
24255.41
24315.89
24236.42
24300.80
24233.36
24298.05
24216.14
24286.60
24213.52
24286.26
24278.69
24324.68
24363.78
24254.64
24315.05
24238.84
24302.79
24241.95
24304.96
24227.58
24293.40
24216.78
24289.75
24276.92
24325.25
24363.87
24259.21
24319.45
24361.01
24388.91
24409.33
24422.43
24437.00
24440.90
24449.63
24451.54
24451.68
24456.28
24455.89
24459.53
24459.37
24464.96
24462.57
24464.20
24462.04
24463.83
24460.28
24463.50
24460.95
24462.16
24462.72
24461.90
24464.33
24462.43
24464.40
24460.68
24464.38
24461.27
24464.79
24462.15
24465.11
24462.67
24460.97
24462.48
24461.44
24465.51
24462.66
24465.16
24462.11
24465.08
24461.16
24465.61
24462.43
24464.10