413.57
24197.96
24414.90
24441.09
24253.81
24418.68
24282.17
24418.82
24326.28
424.09
24273.71
24416.17
24256.72
24413.57
24197.96
24414.90
24441.09
24253.81
24418.68
24282.17
24418.82
24326.28
21492.00
24153.30
24180.03
24424.80
24455.58
24342.56
24445.56
24167.86
24421.79
24161.88
24427.49
24202.95
24430.70
24172.67
24418.67
24182.27
24424.13
24451.91
24333.19
24440.12
24199.71
24429.47
24141.95
24421.00
24149.20
24419.92
24152.69
24416.67
24168.57
24418.26
24449.53
24258.25
24438.03
24117.60
24417.66
24188.47
24425.65
24164.07
24421.41
24163.64
24417.77
24136.28
24425.83
24454.78
24250.68
24437.27
24150.83
24426.38
24199.24
24424.92
24175.69
24427.07
24173.21
24422.32
24179.93
24424.79
24460.08
24175.61
24433.36
24185.54
24425.35
24156.83
24418.88
24177.79
24421.88
24137.59
24423.26
24175.53
24419.85
24452.39
24133.44
24430.94
24152.90
24422.99
24125.10
24418.41
24158.84
24419.99
24129.30
24419.73
24155.37
24407.04
24461.00
24159.50
24425.45
24139.75
24422.58
24131.36
24420.84
24164.49
24419.65
24167.07
24427.11
24234.41
24409.54
24449.56
24125.96
24422.10
24149.31
24420.83
24138.38
24416.14
24158.61
24423.56
24162.06
24425.71
24270.27
24423.93
24452.79
24179.38
24432.84
24146.79
24423.28
24176.43
24421.74
24128.58
24417.86
24164.19
24428.62
24281.36
24425.04
24453.80
24141.68
24424.57
24183.76
24421.58
24183.46
24423.35
24173.74
24422.38
24151.14
24421.02
24324.70
24435.67
24457.57
24139.36
24423.44
24153.94
24424.90
24111.79
24420.68
24174.37
24423.34
24166.53
24428.85
24303.89
24425.49
24453.85
24192.99
24426.10
24148.81
24418.08
24126.41
24421.24
24147.42
24420.64
24176.16
24427.12
24369.41
24432.94
24454.59
24157.06
24427.91
24165.19
24424.22
24160.32
24420.13
24161.71
24418.47
24176.85
24424.49
24357.45
24427.25
24454.92
24175.99
24422.60
24168.26
24426.33
24170.43
24417.54
24161.45
24413.05
24218.60
24429.56
24365.16
24427.12
24451.31
24136.03
24423.10
24171.91
24417.69
24172.27
24417.73
24093.97
24412.60
24188.86
24422.99
24372.60
24429.66
24448.87
24185.29
24430.73
24163.67
24421.37
24182.54
24425.05
24188.31
24417.53
24159.66
24424.57
24399.76
24424.28
24458.23
24175.42
24422.54
24212.36
24427.14
24191.22
24427.72
24191.27
24424.13
24182.82
24423.28
24435.63
24374.76
24443.38
24169.44
24430.95
24197.00
24425.60
24166.76
24419.88
24167.09
24423.51
24180.05
24419.41
24457.74
24361.68
24448.37
24160.94
24422.89
24124.19
24420.12
24200.41
24424.14
24190.91
24425.89
24201.89
24420.69
24457.87
24292.39
24434.24
24174.83
24418.88
24169.69
24421.97
24154.70
24420.47
24143.75
24414.88
24205.29
24420.13
24459.61
24287.16
24439.12
24189.71
24428.47
24177.85
24420.99
24216.70
24428.47
24177.85
24420.08
24205.81
24418.38
24454.04
24252.41
24437.44
24175.15
24425.22
24206.32
24423.83
24199.88
24424.99
24191.90
24426.89
24211.89
24415.39
24451.94
24180.20
24423.02
24201.60
24422.46
24203.35
24420.84
24200.49
24421.45
24181.65
24420.47
24177.95
24418.30
24448.63
24160.96
24424.70
24187.37
24426.44
24161.44
24423.84
24153.99
24417.70
24203.77
24425.38
24201.84
24420.68
24452.47
24132.55
24418.26
24195.73
24429.08
24203.11
24423.51
24180.95
24422.20
24172.72
24420.47
24240.95
24430.90
24451.69
24240.47
24429.95
24212.20
24426.22
24186.62
24421.86
24183.49
24423.35
24169.24
24427.33
24268.63
24421.06
24449.81
24165.58
24430.56
24195.16
24423.62
24162.96
24424.00
24202.60
24426.16
24197.42
24425.64
24263.97
24420.60
24448.86
24183.49
24429.65
24168.97
24426.40
24187.54
24422.85
24164.69
24419.67
24241.77
24432.78
24283.58
24426.16
24452.12
24173.01
24426.80
24159.68
24421.87
24198.79
24425.78
24166.78
24419.88
24160.79
24420.18
24338.12
24434.31
24453.83
24169.58
24431.86
24171.89
24419.49
24156.25
24419.73
24205.77
24422.88
24173.69
24424.17
24307.92
24425.89
24445.79
24223.68
24429.17
24159.02
24424.50
24174.75
24423.38
24217.84
24425.89
24192.89
24428.79
24372.28
24435.93
24454.89
24148.09
24424.31
24239.53
24428.05
24210.21
24421.52
24156.45
24421.55
24196.06
24429.11
24458.71
24441.87
24457.29
24160.03
24424.60
24160.36
24422.84
24171.88
24418.59
24182.26
24423.23
24170.12
24419.31
24420.83
24411.99
24452.50
24182.05
24424.11
24150.41
24416.44
24155.94
24415.20
24274.62
24435.16
24174.92
24418.89
24445.99
24361.40
24447.44
24180.65
24423.97
24164.80
24419.68
24195.87
24422.79
24148.48
24417.15
24170.41
24419.34
24452.34
24358.43
24449.84
24140.39
24420.84
24132.08
24426.31
24183.03
24426.00
24147.90
24420.69
24183.37
24423.34
24449.13
24285.21
24437.12
24167.01
24427.10
24146.21
24417.82
24139.88
24420.79
24111.38
24415.24
24141.43
24413.74
24454.48
24256.05
24437.81
24148.18
24422.52
24128.65
24417.87
24171.39
24423.94
24159.40
24419.14
24196.71
24421.07
24456.11
24153.61
24421.26
24160.03
24424.60
24174.76
24417.98
24164.20
24417.82
24175.88
24420.79
24162.68
24408.67
24451.27
24173.83
24425.98
24169.50
24423.75
24185.48
24424.45
24160.35
24416.54
24185.66
24420.87
24181.59
24421.36
24450.74
24201.67
24427.87
24148.99
24419.00
24168.80
24424.58
24172.96
24421.40
24200.54
24428.66
24178.77
24409.38
24451.34
24189.14
24423.91
24122.49
24415.45
24191.84
24424.19
24164.82
24418.78
24161.58
24422.06
24260.91
24425.69
24449.37
24183.54
24427.85
24172.39
24418.64
24139.97
24420.80
24186.98
24421.90
24238.39
24432.44
24254.75
24424.17
24450.12
24143.11
24417.51
24149.75
24417.28
24196.53
24424.65
24176.57
24421.76
24198.78
24421.28
24292.33
24427.93
24456.79
24175.28
24423.43
24173.75
24424.17
24163.02
24419.50
24181.45
24424.95
24210.79
24426.98
24264.10
24429.61
24456.96
24144.70
24423.07
24145.81
24423.18
24163.82
24420.48
24152.75
24417.58
24136.26
24420.43
24315.64
24423.07
24454.51
24174.15
24425.12
24151.41
24424.64
24113.57
24412.76
24175.38
24421.64
24230.26
24435.23
24321.62
24434.46
24448.45
24150.15
24420.92
24144.69
24416.77
24099.28
24410.43
24139.14
24419.82
24158.98
24419.10
24375.81
24429.98
24454.30
24133.63
24423.76
24162.98
24415.00
24164.80
24419.68
24162.57
24416.76
24209.98
24428.70
24380.37
24416.04
24452.00
24151.40
24420.14
24142.81
24418.38
24151.64
24420.16
24169.82
24421.98
24182.60
24425.06
24441.21
24428.42
24450.54
24180.06
24421.21
24175.32
24419.83
24167.08
24418.11
24197.51
24420.25
24166.23
24424.32
24436.63
24359.57
24445.46
24162.45
24423.05
24243.00
24430.20
24455.22
