5975
6076
6074
6076
6078
6078
5802
5248
6075
6077
6072
6074
6078
6079
6078
5178
5852
6082
6073
6073
6079
6077
6075
5473
5521
6084
6073
6072
6077
6078
6077
5835
5180
6061
6074
6071
6073
6079
6078
6078
5272
5834
6081
6073
6071
6078
6076
6077
5589
5463
6087
6074
6075
6076
6079
6076
5908
5164
6075
6077
6073
6076
6076
6076
6077
5214
5743
6084
6073
6073
6075
6077
6077
5646
5403
6084
6073
6071
6078
6077
6077
5978
5164
6061
6077
6072
6076
6076
6075
6077
5343
5719
6081
6072
6074
6078
6077
6079
5701
5369
6081
6074
6072
6076
6080
6077
6060
5162
5991
6080
6072
6075
6078
6076
6076
5356
5677
6083
6071
6074
6077
6077
6078
5711
5329
6083
6073
6072
6075
6078
6079
6070
5191
5949
6078
6074
6074
6075
6078
6079
5414
5609
6079
6075
6074
6076
6077
6079
5824
5271
6082
6076
6073
6077
6076
6080
6075
5173
5878
6080
6073
6075
6077
6078
6076
5477
5557
6085
6074
6072
6078
6077
6076
5841
5223
6079
6074
6071
6075
6075
6078
6080
5194
5849
6082
6072
6074
6078
6075
6078
5500
5492
6086
6073
6073
6078
6076
6078
5903
5164
6070
6077
6072
6074
6076
6078
6081
5214
5781
6081
6073
6076
6076
6078
6077
5576
5441
6084
6075
6071
6076
6078
6077
5909
5176
6070
6074
6073
6074
6078
6081
6080
5213
5748
6081
6073
6072
6077
6077
6078
5628
5372
6082
6077
6072
6074
6075
6078
5995
5253
6063
6079
6071
6074
6078
6077
6080
5334
5706
6084
6073
6072
6080
6078
6077
5673
5348
6084
6074
6072
6075
6079
6077
6018
5183
5973
6077
6071
6074
6079
6079
6077
5389
5623
6082
6073
6072
6077
6079
6078
5737
5296
6080
6076
6072
6075
6077
6078
6076
5155
5948
6079
6072
6077
6077
6080
6077
5429
5592
6084
6073
6073
6077
6079
6080
5804
5271
6077
6076
6072
6076
6074
6079
6077
5162
5891
6079
6071
6072
6075
6078
6077
5469
5533
6083
6075
6072
6075
6078
6078
5852
5192
6083
6075
6072
6076
6076
6078
6081
5174
5845
6081
6072
6074
6076
6078
6077
5545
5502
6084
6075
6073
6077
6077
6077
5911
5174
6074
6076
6074
6075
6078
6080
6077
5202
5783
6081
6072
6074
6080
6077
6079
5659
5472
6085
6073
6072
6078
6078
6078
5978
5168
6066
6078
6072
6075
6079
6079
6079
5278
5731
6081
6074
6072
6079
6079
6079
5633
5390
6083
6075
6073
6079
6080
6080
5998
5158
5999
6076
6072
6075
6078
6073
6077
5302
5665
6083
6073
6074
6081
6075
6076
5660
5320
6076
6074
6072
6075
6079
6079
6005
5187
5976
6078
6072
6074
6076
6077
6078
5396
5605
6086
6073
6073
6078
6079
6075
5759
5377
6081
6077
6072
6077
6078
6077
6076
5164
5907
6079
6072
6073
6078
6076
6075
5422
5560
6083
6075
6074
6075
6076
6080
5807
5258
6075
6075
6072
6076
6076
6080
6079
5169
5854
6077
6073
6072
6079
6076
6078
5495
5540
6084
6074
6071
6076
6079
6077
5874
5203
6070
6075
6072
6076
6075
6078
6081
5164
5839
6079
6072
6075
6079
6078
6077
5525
5485
6082
6074
6070
6079
6077
6079
5922
5156
6075
6075
6073
6076
6077
6078
6080
5207
5772
6081
6073
6075
6077
6079
6075
5624
5403
6083
6075
6075
6077
6076
6078
5961
5182
6072
6079
6073
6074
6075
6080
6075
5308
5733
6081
6073
6074
6077
6080
6078
5641
5386
6084
6076
6072
6076
6078
6079
5991
5156
5975
6076
6072
6075
6078
6077
6077
5413
5670
6084
6073
6072
6078
6076
6079
5635
5272
6085
6072
6072
6075
6078
6078
6076
5197
5972
6081
6074
6075
6078
6077
6077
5382
5626
6080
6072
6072
6080
6078
6079
5768
5292
6078
6075
6072
6080
6079
6077
6077
5172
5925
6079
6072
6074
6077
6078
6077
5452
5570
6085
6075
6074
6076
6077
6081
5777
5235
6082
6074
6073
6077
6078
6078
6082
5171
5852
6080
6071
6072
6075
6075
6078
5508
5590
6078
6073
6071
6078
6077
6079
5856
5186
6073
6076
6073
6078
6075
6078
6078
5206
5798
6084
6073
6073
6078
6078
6077
5550
5442
6085
6074
6072
6077
6078
6080
5905
5178
6075
6076
6072
6076
6077
6077
6079
5232
5761
6077
6073
6074
6080
6078
6078
5627
5423
6085
6074
6071
6077
6077
6078
5967
5188
6064
6079
6073
6075
6076
6078
6076
5321
5680
6087
6074
6074
6076
6080
6080
5635
5338
6084
6073
6071
6079
6078
6079
5989
5169
6003
6076
6073
6075
6079
6079
6078
5323
5658
6079
6074
6074
6076
6074
6078
5736
5316
6082
6072
6073
6077
6078
6079
6073
5177
5952
6076
6073
6074
6078
6081
6078
5417
5610
6086
6074
6072
6078
6077
6077
5759
5263
6080
6073
6071
6076
6077
6080
6077
5247
5921
6080
6072
6074
6077
6078
6076
5451
5528
6082
6075
6074
6076
6078
6075
5831
5182
6082
6077
6073
6077
6078
6078
6079
5172
5852
6083
6073
6074
6077
6078
6079
5549
5481
6084
6074
6073
6080
6079
6077
5910
5166
6070
6074
6073
6073
6078
6077
6078
5152
5772
6079
6072
6073
6078
6078
6079
5554
5443
6081
6073
6071
6076
6077
6080
5891
5157
6066
6077
6072
6076
6079
6077
6079
5258
5751
6082
6072
6073
6076
6078
6077
5608
5412
6080
6074
6073
6075
6078
6079
5996
5172
6060
6076
6074
6075
6081
6077
6078
5318
5680
6083
6074
6074
6075
6079
6078
5665
5373
6087
6076
6072
6077
6077
6080
6009
5201
5998
6079
6073
6073
6076
6078
6077
5408
5632
6081
6074
6073
6079
6078
6079
5757
5333
6082
6075
6072
6077
6079
6077
6076
5178
5956
6078
6074
6074
6080
6077
6076
5438
5624
6083
6074
6073
6078
6077
6078
5783
5264
6081
6075
6072
6075
6077
6077
6080
5180
5876
6077
6071
6075
6076
6079
6077
5478
5562
6081
6076
6074
6076
6080
6079
5899
5219
6083
6079
6073
6078
6077
6079
6081
5177
5854
6080
6072
6074
6078
6076
6078
5585
5522
6082
6072
6074
6077
6078
6079
5919
5293
6077
6077
6073
6076
6077
6078
6079
5239
5821
6081
6073
6075
6076
6076
6079
5615
5463
6085
6076
6073
6077
6076
6077
5982
5206
6071
6078
6075
6076
6079
6078
6077
5327
5743
6079
6074
6075
6077
6078
6077
5684
5404
6083
6075
6072
6076
6077
6078
6018
5189
6013
6077
6072
6074
6078
6078
6077
5380
5695
6081
6074
6073
6078
6077
6079
5727
5361
6080
6072
6073
6076
6077
6077
6073
5189
5960
6078
6073
6075
6078
6078
6076
5464
5631
6084
6072
6072
6078
6075
6076
5819
5308
6079
6075
6073
6076
6077
6079
6080
5186
5926
6077
6073
6074
6077
6076
6076
5492
5574
6083
6073
6074
6077
6079
6077
5811
5239
6077
6076
6072
6075
6077
6078
6080
5191
5858
6082
6072
6073
6077
6077
6077
5657
5537
6087
6074
6073
6076
6079
6080
5919
5185
6077
6077
6072
6077
6080
6079
6078
5255
5833
6083
6073
6072
6077
6079
6078
5612
5469
6086
6075
6073
6078
6080
6078
5953
5150
6058
6074
6072
6075
6076
6078
6075
5215
5741
6080
6072
6073
6076
6077
6078
5633
5400
6083
6074
6072
6077
6077
6078
6013
5177
6031
6075
6073
6075
6079
6078
6078
5390
5722
6081
6072
6075
6076
6076
6074
5696
5457
6083
6074
6074
6075
6079
6080
6051
5169
6002
6078
6073
6075
6077
6079
6079
5389
5667
6083
6076
6071
6076
6078
6078
5763
5353
6083
6077
6072
6078
6075
6074
6080
5215
5957
6079
6074
6075
6077
6079
6077
5531
5621
6084
6073
6073
6078
6078
6079
5866
5324
6079
6076
6072
6074
6077
6079
6082
5207
5933
6081
6073
6073
6076
6076
6077
5493
5584
6082
6073
6072
6076
6078
6079
5891
5238
6079
6076
6071
6074
6078
6077
6079
5229
5854
6084
6072
6073
6077
6077
6079
5586
5531
6083
6075
6072
6073
6078
6076
5953
5184
6077
6079
6072
6075
6076
6079
6078
5220
5814
6080
6075
6073
6077
6076
6078
5582
5456
6082
6072
6073
6077
6078
6079
5981
5163
6065
6077
6072
6075
6079
6076
6077
5382
5740
6083
6074
6072
6078
6078
6078
5668
5380
6078
6074
6072
6078
6078
6080
6056
5172
6059
6081
6073
6073
6077
6078
6076
5374
5699
6081
6073
6074
6075
6076
6078
5701
5335
6083
6074
6073
6078
6078
6078
6067
5197
5977
6080
6073
6074
6077
6078
6077
5440
5631
6081
6073
6072
6077
6079
6078
5776
5318
6080
6075
6072
6077
6077
6078
6077
5193
5920
6078
6072
6072
6076
6078
6076
5504
5659
6084
6073
6071
6077
6078
6077
5840
5268
6081
6076
6072
6074
6079
6076
6081
5184
5899
6080
6073
6073
6078
6077
6076
5546
5532
6080
6075
6072
6076
6077
6080
5913
5224
6077
6074
6072
6075
6078
6078
6080
5220
5843
6083
6074
6073
6079
6078
6078
5620
5513
6085
6072
6072
6076
6077
6076
5961
5218
6072
6075
6072
6076
6076
6078
6077
5259
5765
6080
6074
6074
6076
6081
6078
5640
5451
6083
6075
6072
6076
6079
6077
5990
5185
6050
6081
6072
6075
6076
6077
6076
5362
5720
6080
6073
6074
6075
6077
6076
5726
5398
6082
6075
6073
6076
6077
6077
6060
5198
6040
6079
6073
6074
6076
6078
6076
5370
5686
6080
6073
6074
6078
6076
6080
5731
5339
6085
6074
6072
6076
6078
6078
6051
5249
5962
6077
6071
6074
6078
6077
6077
5404
5633
6080
6072
6073
6077
6077
6076
5799
5290
6078
6080
6072
6075
6075
6078
6078
5195
5941
6075
6072
6072
6076
6077
6078
5478
5567
6080
6077
6073
6080
6077
6079
5820
5199
6077
6076
6073
6074
6075
6078
6080
5154
5847
6079
6073
6075
6078
6077
6078
5521
5508
6083
6073
6070
6075
6076
6076
5908
5187
6076
6076
6073
6076
6078
6078
6080
5221
5828
6081
6074
6073
6079
6079
6079
5604
5492
6085
6075
6073
6074
6080
6078
5956
5174
6074
6076
6073
6074
6077
6076
6078
5246
5796
6083
6074
6074
6075
6077
6078
5607
5437
6082
6074
6073
6074
6080
6076
5975
5166
6069
6078
6073
6074
6077
6078
6079
5331
5742
6085
6074
6073
6075
6076
6077
5745
5403
6079
6075
6073
6073
6077
6078
6055
5171
6021
6079
6074
6075
6077
6077
6075
5354
5670
6082
6072
6072
6078
6079
6079
5743
5298
6081
6077
6072
6076
6078
6081
6075
5192
5972
6079
6072
6074
6077
6077
6077
5433
5632
6083
6073
6072
6077
6077
6079
5776
5280
6081
6073
6072
6075
6076
6080
6078
5186
5946
6078
6073
6074
6077
6080
6076
5443
5502
6082
6073
6073
6078
6078
6076
5796
5279
6067
6074
6071
6074
6076
6078
6078
5164
5820
6081
6072
6073
6074
6075
6077
5498
5409
6082
6073
6071
6074
6078
6076
5850
5140
5943
6079
6072
6074
6076
6075
6078
5168
5590
6081
6073
6072
6075
6078
6074
5496
5179
6071
6073
6068
6076
6078
6077
5883
5111
5829
6081
6072
6074
6077
6079
6079
5159
5446
6081
6073
6071
6075
6076
6076
5568
5152
6022
6076
6071
6074
6077
6079
5952
5115
5757
6080
6071
6076
6075
6078
6075
5239
5392
6071
6073
6070
6076
6075
6077
5617
5138
5998
6076
6072
6074
6074
6077
5983
5106
5703
6081
6072
6072
6078
6080
6079
5273
5352
6087
6074
6071
6076
6079
6078
5619
5131
5969
6076
6072
6073
6078
6076
6033
5122
5650
6082
6072
6073
6077
6076
6077
5450
5294
6078
6073
6072
6073
6078
6078
5733
5112
5947
6075
6071
6074
6078
6077
6076
5120
5572
6084
6073
6073
6076
6078
6076
5395
5251
6075
6074
6071
6077
6076
6077
5747
5122
5882
6077
6070
6076
6078
6080
6079
5126
5540
6080
6070
6071
6075
6078
6078
5484
5183
6070
6074
6071
6073
6076
6078
5832
5114
5824
6079
6072
6073
6077
6076
6078
5139
5463
6082
6072
6069
6074
6074
6078
5477
5251
6045
6074
6072
6073
6076
6076
5848
5104
5783
6078
6073
6073
6077
6076
6075
5133
5432
6077
6073
6073
6075
6075
6077
5542
5143
6065
6075
6071
6075
6075
6077
5965
5120
5714
6078
6071
6075
6078
6074
6079
5244
5372
6084
6072
6070
6076
6076
6078
5620
5121
6007
6076
6073
6076
6076
6077
5975
5108
5669
6079
6070
6073
6075
6077
6079
5269
5319
6076
6072
6073
6074
6076
6079
5647
5135
5967
6075
6070
6075
6076
6075
6049
5114
5618
6081
6071
6072
6076
6076
6077
5357
5267
6077
6074
6072
6074
6075
6077
5722
5111
5909
6075
6070
6074
6076
6076
6082
5129
5580
6078
6073
6072
6076
6080
6076
5388
5202
6066
6074
6073
6074
6081
6078
5734
5118
5859
6079
6069
6075
6075
6077
6078
5199
5568
6081
6072
6071
6075
6079
6076
5477
5158
6078
6075
6071
6074
6078
6078
5862
5117
5849
6081
6072
6074
6078
6076
6076
5131
5468
6080
6071
6072
6077
6077
6078
5490
5146
6069
6074
6071
6075
6076
6078
5853
5101
5764
6078
6071
6074
6075
6078
6078
5177
5410
6082
6072
6072
6075
6076
6080
5533
5149
6027
6073
6072
6075
6075
6076
5954
5112
5757
6081
6072
6075
6078
6079
6076
5251
5495
6085
6073
6071
6075
6077
6078
5643
5129
6022
6075
6070
6072
6077
6077
5978
5121
5696
6083
6074
6073
6075
6076
6076
5266
5301
6064
6072
6072
6076
6073
6078
5682
5125
5943
6076
6072
6074
6077
6079
6074
5126
5609
6082
6072
6072
6076
6076
6078
5374
5262
6084
6072
6071
6078
6079
6075
5747
5138
5937
6074
6071
6075
6078
6077
6079
5121
5601
6083
6072
6072
6076
6078
6078
5404
5230
6073
6075
6072
6073
6079
6078
5764
5118
5902
6078
6071
6074
6080
6080
6080
5123
5554
6078
6072
6072
6075
6077
6075
5482
5258
6075
6073
6074
6075
6076
6075