30136
29978
30502
30053
30041
30486
30111
30492
30021
30497
30083
30503
30009
30218
30408
30024
30497
30104
30497
30072
30503
30053
30199
30381
30083
30495
30139
30490
30092
30504
30008
30246
30325
30120
30502
30120
30491
30132
30500
30078
30306
30384
30174
30493
30204
30493
30138
30498
30168
30429
30299
30165
30505
30145
30493
30078
30499
30212
30504
30202
30220
30503
30206
30494
30130
30496
30214
30502
30246
30241
30444
30225
30493
30242
30498
30250
30502
30162
30301
30409
30209
30496
30221
30491
30175
30504
30237
30333
30400
30263
30494
30319
30495
30276
30498
30283
30349
30450
30203
30501
30243
30497
30263
30497
30313
30481
30358
30243
30504
30289
30499
30300
30496
30346
30504
30332
30311
30499
30305
30499
30340
30495
30359
30501
30304
30309
30488
30296
30497
30284
30498
30289
30501
30282
30332
30437
30349
30495
30296
30497
30327
30501
30327
30359
30494
30315
30496
30326
30493
30319
30497
30332
30438
30481
30340
30498
30316
30493
30333
30498
30361
30493
30409
30359
30507
30403
30497
30377
30498
30359
30506
30321
30371
30498
30386
30499
30393
30498
30368
30504
30336
30344
30491
30377
30494
30375
30496
30346
30494
30360
30367
30501
30401
30495
30396
30496
30357
30508
30366
30408
30495
30356
30494
30371
30494
30390
30500
30386
30496
30495
30374
30505
30413
30496
30375
30495
30371
30506
30421
30370
30501
30387
30498
30449
30497
30389
30502
30348
30385
30502
30386
30496
30421
30496
30395
30504
30388
30408
30496
30374
30493
30425
30496
30420
30502
30414
30401
30487
30424
30499
30415
30500
30405
30503
30391
30419
30497
30429
30498
30401
30499
30439
30501
30393
30479
30493
30443
30500
30410
30492
30440
30496
30393
30505
30412
30415
30505
30449
30496
30410
30498
30407
30501
30409
30437
30501
30436
30496
30450
30497
30437
30503
30362
30409
30496
30409
30500
30392
30498
30423
30503
30401
30424
30497
30402
30499
30398
30494
30389
30503
30397
30417
30494
30445
30504
30422
30495
30451
30498
30406
30501
30462
30421
30498
30428
30495
30417
30496
30399
30507
30341
30413
30506
30429
30496
30393
30498
30396
30505
30368
30429
30499
30437
30496
30405
30498
30417
30502
30368
30390
30497
30403
30493
30415
30498
30437
30502
30415
30428
30498
30415
30496
30442
30490
30398
30499
30438
30439
30501
30432
30508
30416
30503
30429
30500
30398
30501
30417
30404
30500
30424
30491
30405
30498
30437
30508
30398
30449
30500
30445
30495
30430
30495
30413
30500
30424
30473
30502
30460
30497
30440
30495
30451
30505
30437
30441
30506
30458
30495
30463
30495
30453
30500
30438
30445
30504
30473
30500
30497
30497
30474
30497
30458
30471
30501
30474
30497
30456
30500
30449
30495
30435
30503
30448
30353
30500
29903
30492
29602
30494
29541
30497
29594
29753
30391
29518
30496
29515
30488
29471
30494
29490
29881
30219
29487
30493
29505
30492
29483
30490
29474
30006
30074
29480
30495
29504
30491
29524
30493
29490
30136
29967
29496
30497
29530
30486
29585
30488
29539
30283
29813
29524
30499
29538
30485
29494
30490
29543
30425
29713
29644
30501
29606
30493
29539
30495
29579
30500
29602
29796
30365
29552
30498
29603
30489
29545
30498
29568
29943
30229
30434
30498
30524
30502
30520
30505
30517
30517
30508
30527
30503
30519
30505
30519
30501
30465
30211
30022
29631
30497
29602
30491
29591
30495
29526
30319
29822
29593
30502
29578
30490
29575
30489
29618
30508
