30135
29468
29883
30210
29378
30520
29404
30514
29441
30521
29385
29996
30080
29421
30527
29427
30519
29438
30526
29474
30064
29863
29422
30521
29442
30521
29431
30516
29510
30206
29896
29467
30522
29431
30520
29471
30523
29450
30307
29790
29481
30522
29471
30521
29490
30519
29470
30466
29643
29633
30508
29475
30517
29497
30518
29481
30514
29524
29759
30379
29443
30520
29506
30516
29453
30522
29479
29892
30230
29422
30523
29429
30519
29462
30524
29482
30025
30080
29440
30525
29450
30519
29454
30517
29436
30113
29946
29503
30522
29444
30520
29456
30516
29477
30271
29843
29450
30514
29448
30520
29484
30519
29457
30389
29718
29513
30514
29430
30522
29461
30521
29468
30511
29541
29657
30411
29421
30523
29442
30521
29490
30524
29413
29807
30290
29449
30522
29452
30519
29408
30522
29412
29985
30182
29503
30529
29499
30520
29465
30523
29411
30060
30007
29441
30526
29431
30520
29460
30520
29441
30180
29892
29430
30518
29426
30521
29427
30517
29441
30339
29756
29484
30524
29511
30522
29486
30518
29470
30486
29621
29643
30463
29531
30517
29468
30519
29490
30525
29411
29761
30292
29447
30523
29425
30517
29410
30520
29399
29908
30178
29450
30522
29455
30518
29459
30519
29412
30047
30041
29460
30522
29467
30513
29466
30520
29470
30155
29956
29438
30521
29479
30518
29488
30517
29449
30279
29753
29424
30520
29412
30525
29469
30516
29447
30430
29657
29551
30507
29420
30521
29442
30521
29427
30518
29521
29728
30372
29490
30523
29483
30523
29469
30521
29464
29857
30230
29432
30520
29429
30516
29414
30518
29423
30056
30073
29450
30523
29419
30515
29424
30517
29451
30129
29937
29452
30526
29433
30523
29476
30518
29463
30279
29846
29444
30511
29443
30522
29484
30519
29445
30420
29633
29540
30505
29435
30517
29420
30517
29491
30510
29587
29668
30391
29458
30518
29485
30519
29455
30518
29472
29826
30246
29462
30519
29490
30521
29464
30523
29476
29996
30088
29425
30525
29443
30521
29469
30514
29415
30119
29951
29447
30522
29432
30519
29460
30518
29435
30240
29879
29508
30515
29465
30516
29543
30519
29490
30409
29717
29549
30511
29416
30522
29511
30519
29453
30498
29563
29734
30414
29434
30520
29457
30520
29436
30520
29479
29881
30285
29489
30518
29496
30519
29523
30520
29550
30007
30174
29582
30524
29499
30518
29600
30518
29583
30114
30023
29473
30521
29467
30517
29524
30516
29531
30239
29894
29550
30526
29566
30515
29571
30515
29617
30393
29818
29666
30518
29600
30524
29610
30519
29682
30520
29767
29784
30503
29585
30519
29600
30520
29596
30521
29599
29919
30304
30156
30525
30290
30521
30298
30525
30249
30041
30196
29622
30525
29714
30525
29663
30521
29712
30170
30156
29656
30524
29692
30515
29666
30518
29687
30245
30025
29657
30527
29667
30521
29675
30524
29664
30391
29889
29667
30519
