39
29556
30442
29566
29855
30260
29592
30439
29602
30443
29601
30439
29568
30081
30212
29186
30468
29436
30364
29639
29588
30470
29472
30466
29525
30468
29466
30473
29718
29689
30381
29441
30472
29521
30468
29509
30473
29463
29859
30270
29562
30471
29597
30465
29663
30470
29677
30028
30212
29688
30473
29769
30468
29911
30473
29993
30244
30293
30103
30478
30241
30473
30245
30467
30229
30400
30369
30266
30480
30317
30478
30304
30474
30296
30477
30345
30291
30478
30303
30466
30339
30471
30320
30480
30316
30383
30478
30420
30469
30388
30473
30383
30472
30332
30402
30434
30307
30473
30319
30471
30307
30477
30295
30366
30389
30289
30477
30285
30473
30251
30469
30247
30320
30336
30195
30476
30164
30471
30266
30471
30271
30460
30378
30329
30480
30288
30471
30408
30473
30251
30474
30388
30349
30482
30299
30476
30315
30473
30224
30475
30221
30245
30451
30098
30473
30094
30473
30065
30477
30123
30272
30395
30121
30472
30152
30468
30152
30473
30262
30381
30433
30342
30472
30327
30469
30384
30474
30370
30410
30441
30406
30474
30411
30472
30351
30473
30342
30469
30409
30323
30479
30328
30472
30330
30466
30282
30478
30314
30283
30480
30205
30473
30209
30474
30288
30478
30226
30239
30450
30255
30469
30309
30471
30297
30473
30245
30323
30404
30279
30478
30286
30472
30287
30474
30245
30320
30393
30204
30478
30263
30473
30225
30473
30278
30385
30394
30289
30477
30304
30471
30238
30475
30279
30466
30404
30285
30482
30282
30476
30303
30473
30293
30473
30295
30339
30483
30258
30471
30300
30469
30206
30473
30193
30278
30384
30216
30470
30106
30474
30107
30474
30070
30246
30364
30051
30478
29927
30470
29852
30472
29789
30132
30040
29633
30472
29635
30465
29558
30469
29573
30183
29955
29504
30475
29526
30464
29494
30470
29527
30307
29800
29527
30480
29568
30469
29528
30468
29536
30465
29630
29662
30438
29512
30470
29546
30467
29501
30472
29482
29769
30270
29463
30474
29485
30471
29516
30475
29515
29906
30162
29508
30473
29551
30468
29517
30469
29525
30067
30035
29512
30474
29566
30471
29519
30471
29496
30199
29895
29505
30476
29525
30468
29530
30466
29528
30357
29788
29608
30475
29551
30468
29615
30473
29642
30472
29729
29764
30441
29608
30469
29593
30465
29531
30470
29609
29864
30274
29635
30470
29624
30467
29658
30471
29616
30055
30162
29649
30475
29644
30468
29581
30471
29585
30116
30064
29551
30476
29579
30470
29623
30472
29590
30281
29930
29608
30475
29611
30468
29635
30472
29682
30371
29856
29639
30475
29604
30468
29614
30471
29648
30476
29720
29763
30394
29626
30475
29615
30470
29603
30475
29599
29906
30281
29643
30476
29634
30464
29628
30468
29614
30025
30169
29622
30477
29635
30473
29620
30471
29633
30121
30045
29576
30474
29636
30466
29603
30467
29633
30263
29916
29629
30481
29649
30466
29634
30476
29602
30375
29805
30275
30481
30499
