21459.26
22203.18
22865.83
23209.38
23569.57
23682.80
23900.96
23911.17
24059.02
24032.31
24144.72
24188.60
24238.82
24291.08
24198.35
24261.85
24167.69
24238.59
24157.11
24232.08
24164.25
24236.78
24175.05
24245.23
24284.46
24278.02
24318.82
24203.37
24265.96
24177.17
24245.82
24162.17
24235.92
24166.65
24239.65
24155.16
24226.81
24283.57
24249.50
24299.45
24218.61
24275.43
24176.90
24246.53
24167.77
24239.54
24152.38
24229.36
24159.36
24231.85
24285.90
24246.63
24296.84
24203.59
24265.21
24168.25
24240.47
24150.63
24227.24
24150.97
24228.68
24173.58
24241.50
24291.45
24253.22
24300.25
24203.88
24266.31
24187.02
24252.11
24168.08
24240.36
24146.35
24225.15
24163.60
24234.22
24288.76
24241.73
24292.81
24186.66
24253.07
24179.84
24247.09
24167.86
24239.60
24149.42
24227.00
24151.40
24226.88
24283.91
24245.54
24294.88
24191.11
24256.48
24173.84
24243.79
24164.65
24237.66
24154.66
24230.06
24148.14
24215.30
24276.11
24224.18
24280.82
24182.78
24251.54
24164.68
24238.28
24140.69
24220.29
24155.70
24231.69
24152.58
24224.11
24281.38
24216.46
24276.92
24180.05
24248.43
24149.90
24224.93
24134.35
24216.15
24154.90
24231.43
24148.20
24219.54
24279.08
24208.56
24269.59
24189.01
24255.31
24163.72
24236.10
24152.67
24227.47
24136.43
24219.40
24152.98
24224.69
24282.68
24213.78
24272.94
24173.96
24244.77
24180.64
24248.25
24175.58
24244.40
24151.28
24229.20
24166.14
24230.90
24285.23
24198.76
24262.43
24139.00
24220.30
24118.81
24204.67
24102.17
24193.02
24094.61
24188.33
24116.83
24185.58
24254.11
24173.67
24244.87
24156.41
24232.19
24134.63
24216.34
24124.44
24208.61
24101.03
24192.82
24124.77
24190.24
24257.07
24153.25
24229.67
24128.97
24212.68
24116.48
24202.13
24109.39
24198.98
24126.08
24209.76
24140.53
24207.87
24270.31
24161.62
24236.43
24142.70
24222.89
24116.73
24203.51
24114.56
24201.69
24114.18
24202.93
24179.55
24225.58
24281.81
24152.87
24230.61
24139.52
24220.37
24117.96
24203.47
24104.63
24195.04
24102.03
24194.12
24152.99
24212.99
24274.19
24167.33
24239.83
24134.58
24216.61
24129.43
24212.10
24116.97
24203.68
24111.38
24199.76
24156.33
24215.93
24273.85
24137.40
24220.08
24119.55
24205.79
24109.25
24197.98
24123.88
24207.32
24093.82
24188.98
24155.68
24206.48
24268.74
24161.11
24235.18
24122.03
24207.52
24103.86
24195.10
24110.17
24198.92
24086.75
24184.32
24150.02
24188.42
24256.09
24139.66
24220.16
24095.92
24189.84
24090.59
24183.41
24079.19
24176.93
24073.45
24175.02
24149.51
24191.06
24259.14
24115.70
24205.49
24086.54
24183.88
24072.02
24171.91
24068.74
24170.22
24074.75
24174.43
24150.00
24193.20
24258.84
24125.99
24210.89
24085.83
24182.78
24072.15
24172.60
24070.72
24169.20
24071.64
24172.25
24170.38
24202.96
24266.57
24125.70
24210.99
24101.79
24194.25
24101.48
24192.24
24092.57
24185.40
24084.18
24181.62
24177.24
24215.57
24275.40
24136.68
24218.97
24111.58
24199.91
24085.94
24182.25
24077.48
24175.43
24081.40
24182.38
24181.37
24214.26
24274.48
24145.04
24224.83
24110.58
24198.91
24099.63
24192.14
24103.00
24193.60
24090.82
24186.88
24185.41
24211.99
24273.19
24141.74
24222.51
24101.76
24193.93
24099.45
24192.02
24087.31
24182.32
24103.02
24196.32
24197.12
24239.68
24292.58
24158.61
24233.42
24119.30
24205.91
24123.44
24208.21
24108.55
24199.28
24118.80
24205.86
24214.90
24217.63
24277.14
24149.60
24227.42
24114.79
24203.06
24104.94
24194.66
24092.16
24185.41
24107.89
24198.52
24222.37
24238.16
24291.21
24154.95
24230.56
24130.19
24212.34
24119.54
24204.58
24104.50
24195.85
24103.50
24193.05
24224.23
24226.26
24282.29
24154.10
24229.97
24111.48
24200.14
24104.40
24194.28
24085.00
24181.60
24103.42
24192.69
24250.69
24214.78
24274.25
24147.27
24225.19
24112.93
24202.05
24102.74
24193.72
24104.40
24195.78
24116.95
24193.76
24260.14
24190.79
24258.66
24142.96
24222.77
24108.84
24198.59
24091.31
24185.12
24082.18
24180.23
24111.16
24185.21
24253.55
24189.48
24256.54
24138.18
24219.42
24111.30
24198.81
24090.87
24186.31
24089.02
24183.81
24115.17
24190.12
24258.18
24181.63
24252.24
24127.37
24211.56
24083.29
24179.50
24079.45
24177.42
24090.59
24186.72
24107.90
24172.13
24246.19
24167.54
24239.97
24128.68
24212.78
24097.04
24190.33
24093.03
24186.92
24085.25
24183.27
24110.89
24157.12
24233.29
24148.30
24228.31
24111.52
24200.16
24092.11
24187.48
24084.14
24181.90
24080.23
24179.16
24132.91
24171.94
24243.36
24142.75
24222.92
24117.65
24203.85
24104.60
24195.32
24091.42
24185.20
24091.24
24186.57
24116.50
24182.95
24251.36
24158.25
24233.18
24117.33
24205.13
24103.09
24193.36
24086.45
24182.32
24102.12
24194.79
24148.95
24197.27
24261.99
24141.09
24222.06
24107.75
24197.22
24099.36
24190.15
24089.91
24184.43
24084.10
24183.37
24146.96
24197.67
24261.97
24140.78
24221.25
24114.67
24202.37
24103.56
24195.19
24075.73
24174.81
24076.17
24176.02
24141.51
24192.36
24258.25
24146.88
24225.51
24104.76
24196.33
24090.63
24185.25
24089.17
24183.32
24074.32
24175.33
24147.03
24195.32
24261.23
24127.96
24213.77
24115.74
24204.02
24109.51
24198.16
24092.81
24186.47
24082.23
24181.46
24178.62
24213.24
24272.86
24130.70
24214.49
24108.75
24197.92
24089.35
24182.84
24082.99
24178.69
24098.08
24191.96
24205.17
24222.22
24280.05
24152.54
24229.18
24117.82
24205.18
24099.22
24192.76
24104.33
24194.53
24077.67
24174.97
24212.78
24211.95
24272.86
24169.10
24241.07
24115.65
24202.45
24091.62
24185.63
24096.94
24190.26
24127.78
24206.45
24235.41
24216.99
24274.29
24142.50
24222.45
24117.92
24205.24
24094.47
24187.63
24081.24
24178.37
24098.46
24190.12
24245.89
24226.42
24282.40
24149.08
24225.85
24120.00
24204.90
24110.13
24198.29
24104.00
24194.60
24139.52
24206.27
24266.19
24239.43
24292.10
24144.77
24224.04
24110.33
24199.93
24113.55
24200.68
24081.38
24178.77
24109.84
24196.89
24257.52
24225.26
24281.28
24153.70
24228.79
24113.05
24200.64
24100.85
24193.59
24093.82
24188.97
24138.28
24213.50
24272.15
24212.70
24273.39
24151.78
24228.64
24118.95
24205.36
24107.75
24196.33
24089.73
24185.81
24114.17
24197.82
24264.47
24207.63
24268.94
24146.26
24224.78
24101.85
24193.69
24086.08
24180.86
24082.20
24179.94
24115.46
24188.22
24256.56
24178.39
24248.17
24126.32
24211.73
24117.61
24202.92
24091.65
24186.55
24083.79
24182.55
24110.68
24195.08
24261.66
24212.56
24272.39
24136.08
24217.65
24106.46
24197.22
24082.25
24178.18
24081.83
24179.08
24104.06
24164.94
24239.66
24177.06
24246.64
24133.65
24216.55
24103.59
24193.11
24093.78
24186.84
24072.89
24174.62
24088.64
24167.95
24242.36
24150.45
24228.92
24140.44
24221.01
24102.51
24193.25
24076.78
24175.25
24074.37
24174.46
24132.62
24192.74
24257.91
24165.54
24238.28
24114.89
24202.52
24092.57
24186.60
24106.02
24196.61
24098.93
24192.25
24125.88
24186.81
24254.67
24152.17
24230.72
24110.80
24199.96
24133.08
24214.65
24118.76
24204.03
24122.42
24208.40
24156.68
24206.87
24267.51
24168.96
24241.87
24137.81
24217.97
24120.48
24205.53
24133.37
24214.86
24120.70
24206.89
24177.82
24227.08
24282.85
24161.40
24236.58
24140.41
24219.78
24130.45
24214.01
24117.41
24204.29
24126.50
24211.85
24206.20
24246.04
24297.33
24224.33
24279.43
24168.90
24240.33
24141.83
24221.08
24127.76
24211.53
24158.27
24234.99
24235.89
24262.93
24307.65
24197.05
24262.14
24156.20
24233.24
24141.37
24220.76
24124.23
24209.06
24137.04
24218.03
24242.92
24262.45
24308.21
24181.85
24249.39
24186.58
24254.20
24296.44