11904
11802
11660
12206
12213
12216
11208
12210
12212
12221
11300
12214
12209
12213
11889
11573
12208
12213
12220
11187
12213
12209
12217
11288
12192
12207
12218
11888
11588
12210
12214
12216
11153
12216
12208
12218
11357
12133
12209
12219
11934
11529
12206
12213
12221
11146
12216
12215
12214
11413
12105
12205
12216
12000
11527
12209
12214
12219
11172
12213
12213
12219
11386
12105
12211
12214
11997
11468
12206
12213
12216
11253
12211
12213
12220
11463
12168
12209
12218
12011
11557
12205
12210
12219
11157
12217
12210
12222
11423
12075
12207
12213
12023
11471
12204
12214
12218
11185
12219
12207
12217
11470
12052
12207
12218
12027
11447
12210
12216
12215
11155
12215
12210
12217
11490
12008
12208
12213
12086
11449
12208
12212
12216
11228
12212
12208
12221
11461
12065
12208
12218
12097
11492
12209
12215
12222
11153
12215
12207
12218
11468
11987
12207
12218
12104
11391
12207
12214
12215
11087
12212
12210
12219
11482
11954
12207
12213
12101
11410
12206
12211
12218
11168
12214
12212
12219
11474
11982
12207
12214
12117
11342
12210
12211
12216
11224
12211
12210
12212
11499
12029
12207
12217
12137
11443
12208
12215
12221
11161
12215
12208
12220
11520
11918
12207
12216
12143
11364
12208
12214
12216
11171
12218
12208
12218
11591
11932
12207
12217
12121
11291
12212
12216
12214
11152
12216
12210
12217
11586
11898
12207
12216
12182
11369
12209
12210
12218
11195
12220
12205
12217
11580
11982
12206
12214
12205
11405
12208
12211
12219
11140
12219
12207
12214
11602
11890
12208
12218
12210
11274
12209
12208
12214
11079
12212
12208
12215
11589
11884
12207
12215
12219
11243
12214
12212
12213
11113
12218
12209
12217
11580
11864
12205
12215
12218
11346
12209
12211
12218
11223
12218
12210
12213
11637
11879
12206
12214
12214
11345
12213
12213
12217
11144
12219
12207
12215
11632
11816
12207
12218
12213
11222
12211
12217
12218
11128
12214
12204
12220
11667
11801
12208
12218
12217
11166
12210
12211
12216
11118
12212
12212
12215
11703
11796
12207
12215
12213
11210
12209
12213
12214
11221
12220
12209
12219
11693
11852
12207
12212
12222
11233
12210
12214
12215
11137
12220
12208
12212
11694
11762
12205
12217
12221
11141
12210
12212
12215
11115
12217
12211
12216
11678
11771
12204
12217
12216
11118
12212
12210
12217
11149
12216
12211
12218
11758
11709
12206
12210
12220
11205
12205
12214
12214
11220
12219
12206
12216
11772
11792
12207
12214
12219
11245
12214
12213
12221
11176
12215
12210
12217
11778
11707
12207
12213
12218
11123
12207
12212
12212
11173
12218
12207
12221
11791
11677
12206
12216
12218
11180
12214
12211
12216
11186
12218
12207
12215
11780
11677
12205
12218
12218
11150
12214
12210
12219
11272
12213
12206
12217
11774
11754
12207
12212
12219
11164
12210
12210
12218
11193
12219
12204
12213
11796
11667
12202
12214
12218
11138
12207
12213
12217
11244
12218
12210
12219
11801
11637
12208
12217
12218
11139
12214
12212
12216
11234
12208
12204
12217
11858
11625
12207
12216
12218
11139
12211
12210
12217
11289
12220
12207
12217
11877
11660
12209
12212
12215
11118
12214
12206
12220
11234
12215
12208
12215
11880
11597
12208
12218
12218
11099
12212
12211
12216
11251
12170
12205
12215
11887
11565
12205
12210
12219
11143
12214
12212
12219
11284
12143
12210
12215
11901
11540
12209
12212
12215
11226
12217
12212
12218
11358
12208
12208
12214
11892
11626
12206
12214
12216
11158
12215
12211
12218
11286
12132
12202
12217
11922
11540
12204
12217
12218
11101
12217
12208
12216
11374
12110
12206
12214
11933
11478
12206
12212
12217
11089
12215
12204
12217
11368
12091
12207
12216
11950
11460
12206
12214
12220
11125
12213
12210
12216
11410
12139
12209
12215
11992
11562
12209
12210
12213
11091
12216
12207
12217
11367
12093
12208
12216
11993
11477
12208
12211
12220
11052
12217
12210
12218
11389
12065
12203
12218
12011
11430
12209
12214
12219
11071
12214
12208
12219
11382
12013
12205
12216
12001
11448
12208
12213
12217
11205
12215
12207
12217
11446
12070
12206
12216
12030
11496
12211
12210
12219
11089
12214
12209
12215
11450
11998
12204
12217
12054
11367
12204
12213
12217
11072
12217
12208
12213
11457
12004
12206
12216
12086
11366
12210
12213
12217
11058
12219
12208
12217
11438
11938
12201
12212
12105
11310
12209
12210
12220
11171
12218
12212
12216
11467
12033
12204
12216
12111
11412
12203
12213
12218
11097
12218
12202
12217
11463
11912
12206
12213
12112
11359
12209
12213
12220
11090
12221
12210
12217
11512
11941
12207
12217
12089
11294
12208
12212
12219
11119
12218
12211
12216
11558
11900
12207
12214
12121
11222
12211
12213
12215
11174
12219
12207
12215
11556
11977
12207
12214
12165
11347
12206
12212
12216
11097
12213
12210
12214
11565
11870
12207
12217
12180
11264
12208
12213
12215
11075
12216
12207
12216
11581
11887
12204
12215
12183
11212
12210
12210
12217
11072
12216
12206
12214
11564
11788
12204
12214
12209
11275
12209
12214
12214
11079
12218
12209
12214
11522
11802
12203
12209
12153
11153
12213
12211
12212
10950
12208
12207
12217
11540
11739
12204
12215
12188
11066
12208
12213
12218
10908
12214
12207
12215
11533
11724
12205
12214
12206
10968
12208
12211
12215
10920
12215
12206
12215
11571
11628
12203
12214
12213
11017
12214
12210
12212
11001
12218
12206
12216
11607
11662
12209
12211
12216
11066
12212
12208
12217
10983
12210
12209
12217
11605
11655
12208
12217
12216
11010
12213
12209
12214
10969
12206
12208
12212
11636
11632
12208
12211
12217
10978
12213
12213
12213
11005
12205
12210
12214
11651
11597
12201
12214
12214
11030
12209
12205
12217
11058
12212
12208
12217
11656
11631
12204
12213
12218
11053
12207
12210
12218
11043
12197
12209
12214
11662
11641
12208
12212
12212
10972
12210
12207
12217
11072
12201
12207
12213
11727
11606
12206
12215
12217
10963
12216
12210
12215
11107
12216
12208
12216
12214
12216
12211
12217
12216
12224
12212
12214
12219
12226
12222
12213
12220
12218
12218
12216
12216
12217
12231
12212
12216
12216
12224
12217
12215
12215
12223
12221
12218
12220
12219
12224
12215
12217
12220
12225
12215
12218
12218
12222
12221
12213
12213
12219
12228
12213
12212
12218
12225
12215
12215
12218
12220
12220
12218
12214
12214
12232
12209
12217
12214
12226
12211
12219
12217
12223
12218
12214
12221
12216
12227
12212
12217
12219
12231
12211
12216
12216
12221
12220
12213
12219
12217
12228
12210
12220
12217
12227
12217
12214
12219
12223
12220
12216
12219
12216
12232
12214
12217
12220
12225
12217
12219
12219
12223
12225
12213
12220
12215
12227
12215
12219
12219
12225
12211
12212
12218