5058
5522
6058
6059
6070
6072
6067
5997
5067
5236
5965
6061
6067
6072
6070
5008
5225
6017
6063
6062
6073
6074
6067
5018
5067
5745
6065
6062
6065
6075
6076
5336
5023
5453
6061
6067
6064
6075
6076
5722
5009
5199
5979
6064
6063
6072
6074
6073
5038
5047
5734
6064
6064
6065
6078
6074
5425
5036
5463
6060
6065
6062
6076
6075
5879
5024
5112
5954
6066
6062
6072
6078
6074
5114
5048
5686
6063
6065
6069
6076
6077
5452
5020
5367
6058
6066
6062
6078
6075
5852
5012
5092
5953
6064
6065
6076
6077
6076
5032
5036
5653
6065
6066
6069
6077
6077
5585
5024
5243
6047
6064
6064
6076
6079
5940
4999
5073
5853
6064
6063
6072
6078
6073
5159
5037
5569
6065
6064
6070
6078
6080
5567
5011
5256
6036
6065
6063
6079
6077
5950
5026
5059
5840
6062
6063
6073
6077
6077
5186
5097
5579
6061
6064
6072
6077
6078
5602
5007
5217
5995
6064
6065
6075
6075
6065
5018
5063
5806
6066
6064
6073
6076
6077
5299
5029
5465
6062
6065
6070
6076
6079
5696
5005
5174
5959
6066
6064
6076
6078
6063
5033
5062
5796
6065
6063
6075
6077
6077
5292
5010
5450
6060
6063
6069
6076
6077
5709
5012
5122
6027
6063
6063
6075
6076
6070
5024
5051
5738
6065
6063
6075
6074
6078
5430
5021
5431
6063
6066
6067
6076
6077
5834
5011
5121
5945
6066
6065
6075
6078
6071
5048
5035
5683
6067
6064
6073
6077
6078
5436
5033
5350
6053
6064
6067
6076
6078
5859
4996
5087
5903
6064
6063
6075
6078
6073
5049
5038
5567
6065
6064
6077
6077
6075
5544
4997
5277
6044
6066
6067
6072
6077
5953
5088
5077
5859
6064
6065
6077
6077
6073
5141
5033
5588
6064
6064
6069
6077
6077
5574
5003
5244
6033
6065
6064
6075
6078
5953
4993
5052
5793
6065
6066
6075
6075
6075
5172
5015
5466
6061
6064
6074
6077
6075
5637
5000
5150
5963
6065
6068
6076
6076
6050
5012
5039
5770
6065
6063
6076
6076
6074
5257
5020
5441
6061
6063
6071
6077
6078
5693
4988
5165
5938
6064
6066
6078
6077
6064
5017
5119
5701
6066
6066
6074
6075
6076
5295
5013
5382
6052
6064
6069
6075
6075
5809
5001
5099
5954
6065
6066
6079
6074
6068
5039
5041
5662
6064
6064
6073
6080
6072
5407
4995
5304
6061
6064
6070
6076
6076
5816
4988
5079
5857
6065
6064
6078
6074
6067
5039
5033
5627
6066
6066
6074
6076
6074
5498
5029
5238
6059
6065
6070
6079
6074
5822
4995
5069
5860
6064
6064
6074
6076
6074
5096
5026
5617
6065
6064
6076
6076
6076
5557
5004
5217
6035
6065
6067
6077
6073
5940
5005
5062
5827
6064
6064
6073
6074
6075
5123
5018
5521
6064
6064
6072
6075
6077
5556
4981
5202
6010
6063
6065
6075
6076
5945
4997
5047
5777
6065
6067
6074
6076
6074
5213
5028
5485
6066
6064
6073
6075
6076
5668
5069
5111
6003
6064
6070
6077
6076
6058
5024
5056
5770
6064
6065
6075
6076
6073
5284
5015
5431
6059
6064
6068
6075
6075
5703
5001
5098
5953
6066
6068
6077
6077
6061
5019
5053
5678
6064
6065
6072
6075
6076
5301
5016
5376
6050
6065
6071
6076
6074
5791
4974
5104
5901
6066
6066
6075
6076
6067
5014
5044
5687
6064
6066
6074
6074
6071
5409
5008
5297
6040
6064
6069
6075
6075
5815
4998
5140
5919
6064
6064
6076
6075
6068
5041
5027
5657
6066
6064
6077
6078
6076
5489
5004
5296
6050
6065
6069
6076
6075
5911
5007
5093
5858
6066
6065
6078
6076
6073
5094
5043
5531
6063
6063
6074
6075
6073
5544
4981
5221
6031
6065
6066
6075
6072
5952
4997
5064
5802
6066
6064
6075
6077
6072
5205
5014
5503
6066
6062
6074
6079
6075
5567
4994
5183
5998
6065
6067
6078
6073
6041
4995
5043
5793
6064
6065
6075
6075
6074
5243
5023
5440
6062
6064
6075
6076
6076
5675
4989
5127
5955
6065
6065
6077
6076
6054
5026
5049
5731
6063
6065
6074
6075
6072
5274
5005
5430
6055
6065
6068
6077
6075
5687
5002
5151
5983
6066
6068
6077
6074
6052
5030
5051
5618
6065
6061
6077
6076
6075
5357
5086
5361
6055
6062
6070
6077
6076
5808
5010
5101
5851
6066
6067
6075
6073
6070
5014
5024
5603
6064
6065
6077
6075
6073
5421
5011
5333
6045
6062
6070
6074
6074
5838
4995
5071
5907
6064
6062
6075
6074
6069
5063
5021
5558
6066
6065
6075
6072
6073
5511
4986
5230
6043
6065
6069
6076
6073
5933
5004
5067
5852
6065
6065
6076
6074
6072
5083
5028
5513
6067
6062
6074
6076
6074
5544
4988
5295
6047
6065
6068
6075
6074
5937
5009
5051
5778
6065
6066
6076
6072
6070
5158
5016
5476
6061
6064
6073
6073
6073
5615
4995
5182
5990
6065
6069
6075
6074
6036
5018
5047
5728
6064
6062
6074
6075
6076
5234
5024
5409
6062
6064
6069
6074
6075
5668
4996
5110
5931
6066
6064
6076
6075
6056
5094
5036
5671
6065
6062
6074
6076
6074
5281
4994
5298
6056
6065
6073
6076
6075
5778
4992
5125
5948
6065
6070
6076
6073
6062
5033
5016
5680
6064
6065
6075
6074
6073
5401
5000
5274
6054
6063
6070
6072
6074
5817
4979
5081
5830
6064
6066
6076
6071
6071
5035
5037
5574
6065
6064
6075
6074
6077
5409
4995
5267
6048
6064
6070
6076
6075
5847
4978
5060
5844
6065
6067
6076
6074
6070
5072
5106
5544
6067
6063
6075
6075
6074
5523
4990
5237
6037
6064
6066
6077
6075
5926
5011
5054
5814
6066
6066
6077
6076
6073
5088
5014
5501
6063
6065
6074
6074
6072
5541
4996
5165
6012
6064
6067
6079
6074
5939
4994
5049
5777
6065
6065
6074
6076
6069
5166
5011
5429
6052
6066
6074
6074
6074
5685
4996
5161
6006
6064
6067
6078
6077
6043
5014
5045
5687
6064
6064
6078
6072
6070
5266
5004
5479
6060
6064
6073
6077
6073
5685
5001
5099
5929
6066
6068
6076
6073
6060
5014
5034
5690
6064
6063
6073
6073
6073
5320
5017
5365
6049
6065
6072
6076
6073
5779
4989
5063
5887
6066
6066
6075
6075
6062
5030
5048
5598
6065
6065
6073
6073
6072
5402
5008
5327
6019
6064
6071
6078
6074
5824
5070
5084
5870
6065
6065
6076
6075
6068
5031
5015
5614
6065
6065
6075
6072
6073
5495
5013
5274
6058
6064
6070
6076
6073
5905
4997
5089
5840
6065
6065
6076
6074
6071
5072
5022
5531
6065
6063
6077
6075
6071
5538
4999
5211
6052
6064
6069
6076
6071
5942
5006
5043
5775
6065
6062
6075
6072
6073
5116
5019
5490
6063
6064
6071
6075
6071
5585
4990
5158
5991
6064
6066
6076
6072
6035
5011
5124
5751
6065
6064
6077
6075
6072
5217
5001
5435
6060
6065
6076
6073
6072
5683
4992
5131
5981
6064
6069
6076
6076
6053
5026
5039
5664
6066
6065
6075
6072
6074
5271
5014
5397
6053
6063
6072
6074
6072
5696
5015
5082
5956
6065
6065
6077
6073
6060
5006
5021
5646
6065
6063
6074
6075
6070
5440
5011
5331
6058
6064
6074
6074
6073
5809
4984
5093
5858
6065
6068
6077
6075
6068
5022
5018
5611
6064
6063
6074
6075
6071
5412
4997
5304
6048
6065
6069
6076
6074
5827
5001
5086
5854
6066
6068
6076
6076
6067
5027
5032
5571
6065
6062
6076
6077
6071
5524
5004
5278
6046
6064
6069
6073
6075
5918
4998
5067
5823
6065
6067
6076
6074
6068
5098
5038
5559
6061
6064
6072
6074
6074
5548
5053
5205
6044
6064
6069
6077
6075
5934
5008
5057
5749
6064
6066
6075
6074
6069
5163
5019
5465
6064
6065
6075
6075
6072
5644
4995
5127
5996
6067
6069
6076
6071
6042
5005
5044
5706
6064
6064
6075
6074
6071
5216
5010
5362
6060
6063
6073
6074
6072
5685
4960
5108
5970
6065
6067
6076
6070
6055
5010
5035
5646
6064
6063
6073
6075
6072
5271
5016
5301
6055
6066
6074
6076
6071
5741
4985
5147
5853
6063
6068
6074
6074
6063
5011
5028
5640
6064
6064
6077
6075
6070
5399
4996
5276
6049
6064
6071
6075
6072
5803
4983
5060
5828
6064
6066
6076
6075
6064
5020
5025
5547
6064
6065
6075
6074
6072
5414
4992
5232
6038
6065
6072
6075
6073
5874
4972
5081
5835
6065
6066
6078
6075
6066
5126
5018
5525
6066
6064
6074
6070
6071
5531
4988
5169
5976
6065
6071
6077
6074
5930
4991
5041
5823
6065
6063
6075
6075
6068
5065
5012
5508
6056
6064
6074
6075
6071
5559
4976
5157
5959
6065
6068
6075
6072
5964
5002
5039
5732
6064
6064
6076
6077
6075
5214
5022
5369
6060
6064
6073
6075
6075
5666
4994
5082
5993
6065
6069
6076
6073
6048
5018
5031
5723
6064
6064
6076
6074
6072
5252
5098
5421
6061
6064
6070
6076
6074
5685
5007
5107
5930
6064
6067
6075
6074
6061
5005
5033
5676
6066
6065
6078
6077
6072
5355
5007
5291
6056
6064
6074
6073
6070
5800
4984
5104
5824
6065
6063
6075
6071
6064
5021
5007
5550
6065
6063
6071
6075
6071
5403
4981
5215
6046
6063
6072
6075
6070
5827
4981
5058
5859
6065
6062
6075
6072
6070
5057
5022
5500
6065
6065
6078
6074
6072
5480
4983
5209
6037
6063
6068
6076
6071
5909
4969
5056
5802
6067
6061
6073
6070
6070
5052
5017
5470
6064
6064
6073
6072
6072
5541
4976
5131
6038
6064
6067
6074
6072
5931
4985
5053
5763
6064
6065
6071
6074
6069
5090
5011
5444
6060
6065
6074
6073
6070
5624
4981
5134
5963
6065
6067
6076
6073
6019
5075
5046
5690
6063
6066
6075
6073
6071
5184
5008
5354
6059
6064
6073
6075
6072
5686
4980
5079
5921
6064
6065
6074
6072
6055
5009
5039
5647
6065
6062
6075
6073
6071
5310
5002
5264
6055
6063
6071
6074
6073
5736
4978
5075
5883
6065
6067
6077
6071
6053
5020
5023
5561
6062
6064
6074
6075
6073
5364
4997
5241
6039
6064
6072
6073
6071
5804
4987
5074
5853
6065
6067
6076
6073
6065
5032
5112
5589
6063
6065
6075
6074
6070
5419
4997
5171
6042
6064
6069
6073
6072
5885
4976
5053
5820
6065
6064
6075
6070
6067
5040
5013
5486
6065
6063
6076
6075
6071
5511
4985
5137
6045
6063
6068
6078
6072
5925
4982
5056
5767
6063
6064
6075
6069
6069
5080
5006
5454
6061
6064
6076
6073
6072
5619
4984
5125
6008
6065
6069
6073
6070
5954
5001
5034
5676
6065
6065
6075
6073
6071
5131
5020
5490
6061
6064
6075
6074
6068
5644
4976
5079
5940
6063
6067
6076
6073
6044
4996
5023
5689
6064
6064
6078
6073
6071
5220
5014
5360
6057
6065
6070
6071
6073
5687
4986
5078
5895
6063
6063
6078
6073
6043
5015
5035
5588
6064
6063
6076
6073
6069
5302
4996
5257
6046
6065
6072
6075
6066
5772
5043
5081
5889
6066
6066
6074
6071
6064
5012
5021
5574
6065
6063
6074
6072
6068
5389
4987
5177
6034
6064
6067
6077
6069
5816
4981
5067
5882
6065
6067
6076
6073
6062
5048
5014
5519
6067
6064
6076
6074
6068
5453
4971
5198
6040
6064
6069
6075
6074
5873
4972
5065
5783
6063
6065
6075
6072
6069
5051
5006
5447
6064
6063
6071
6073
6069
5530
4987
5144
6015
6067
6066
6077
6070
5922
4970
5119
5768
6065
6065
6073
6074
6066
5080
5009
5401
6056
6065
6075
6075
6071
5607
4982
5113
5937
6065
6069
6075
6072
5996
4993
5043
5667
6064
6062
6075
6071
6066
5185
5013
5394
6056
6063
6074
6076
6070
5666
4993
5101
5939
6064
6067
6075
6068
6046
5000
5036
5588
6064
6065
6075
6070
6067
5315
4999
5263
6057
6064
6075
6077
6072
5719
4965
5065
5885
6065
6068
6074
6073
6058
5019
5018
5662
6064
6065
6073
6074
6071
5330
4987
5247
6049
6064
6070
6075
6071
5804
4984
5066
5826
6065
6068
6075
6072
6062
5018
5022
5513
6064
6065
6073
6074
6071
5416
4972
5135
6054
6064
6071
6074
6074
5833
4976
5071
5786
6063
6066
6075
6070
6063
5060
5021
5466
6065
6060
6074
6074
6070
5492
5058
5169
6011
6064
6071
6073
6070
5926
4999
5043
5716
6064
6067
6075
6071
6067
5082
5010
5398
6069
6065
6076
6073
6073
5539
4989
5139
6000
6062
6069
6073
6073
5973
4994
5033
5698
6064
6061
6076
6072
6066
5115
4999
5355
6065
6063
6075
6074
6068
5645
4989
5093
5941
6064
6065
6073
6071
6016
4994
5005
5707
6064
6063
6076
6071
6071
5223
4999
5337
6047
6063
6075
6074
6070
5670
4985
5203
5955
6065
6067
6076
6072
6047
5012
5031
5595
6063
6065
6074
6070
6065
5320
4990
5235
6049
6065
6075
6072
6070
5748
4989
5067
5869
6064
6069
6074
6071
6054
5009
5017
5515
6064
6062
6077
6076
6069
5385
4973
5235
6039
6065
6073
6075
6073
5793
4974
5054
5833
6063
6066
6070
6070
6062
5113
5019
5494
6065
6064
6077
6071
6074
5432
4977
5205
6046
6064
6071
6072
6072
5885
4976
5055
5715
6066
6067
6076
6075
6066
5036
5004
5425
6065
6063
6075
6073
6072
5530
4986
5133
6015
6064
6069
6073
6071
5916
4990
5058
5720
6064
6066
6074
6073
6070
5106
4989
5380
6061
6064
6074
6071
6073
5565
4983
5094
5949
6065
6067
6074
6070
6000
4985
5031
5686
6065
6064
6077
6069
6069
5161
5090
5352
6053
6064
6076
6076
6071
5663
4974
5084
5915
6062
6066
6075
6071
6046
5011
5035
5669
6067
6064
6076
6071
6070
5224
4987
5283
6055
6065
6072
6071
6069
5714
4987
5069
5836
6062
6068
6077
6073
6053
4999
5019
5580
6062
6065
6073
6073
6068
5325
5001
5181
6040
6066
6070
6075
6070
5788
4965
5076
5810
6062
6067
6075
6069
6058
5000
5016
5531
6065
6063
6074
6072
6071
5389
4992
5287
6035
6065
6073
6072
6071
5830
4970
5071
5762
6064
6067
6074
6070
6063
5026
5011
5437
6067
6065
6076
6071
6070
5482
4976
5160
5984
6065
6073
6074
6068
5920
5004
5027
5781
6064
6063
6076
6075
6066
5058
4999
5412
6062
6064
6074
6071
6070
5544
4998
5092
6001
6063
6067
6075
6069
5956
5073
5043
5722
6065
6065
6073
6070
6070
5097
5007
5377
6059
6063
6074
6072
6070
5628
4967
5115
5939
6064
6067
6073
6071
6028
5005
5035
5643
6064
6065
6074
6074
6067
5222
5009
5293
6055
6062
6072
6073
6069
5667
4974
5075
5921
6063
6069
6075
6068
6042
4995
5024
5646
6064
6063
6075
6070
6071
5273
5005
5296
6043
6065
6074
6074
6070
5764
4989
5086
5821
6065
6066
6073
6071
6061
5019
5085
5569
6066
6064
6072
6073
6067
5388
4998
5184
6011
6065
6070
6074
6070
5802
4970
5056
5787
6065
6064
6075
6069
6059
5026
5006
5466
6064
6065
6074
6071
6069
5461
5000
5112
6024
6064
6070
6075
6073
5885
4980
5055
5727
6064
6063
6077
6072
6069
5047
5030
5468
6065
6067
6074
6073
6070
5614
4980
5138
5967
6064
6070
6072
6070
5916
4992
5051
5751
6064
6065
6074
6071
6067
5119
4993
5557
6063
6064
6073
6071
6066
5593
4995
5119
5933
6063
6069
6075
6072
6025
5012
5030
5699
6063
6068
6073
6071
6065
5221
5025
5392
6061
6064
6074
6073
6064
5689
4994
5090
5949
6063
6068
6074
6072
6056
5028
5053
5721
6065
6065
6075
6071
6069
5297
5028
5349
6048
6064
6074
6073
6069
5750
5068
5081
5867
6064
6068
6075
6067
6059
5005
5030
5636
6065
6064
6077
6071
6068
5360
5009
5162
6053
6064
6075
6072
6070
5788
4986
5081
5863
6064
6065
6077
6066
6057
5015
5020
5542
6064
6063
6075
6070
6066
5389
4990
5215
6033
6063
6071
6073
6069
5849
4990
5041
5755
6065
6066
6072
6070
6063
5042
5006
5488
6062
6062
6074
6072
6067
5500
4992
5172
6040
6062
6068
6072
6065
5910
4987
5123
5740
6063
6068
6074
6069
6063
5060
5000
5382
6064
6066
6074
6071
6068
5540
4988
5118
5933
6064
6067
6074
6070
5956
4997
5042
5705
6064
6066
6074
6070
6068
5103
4995
5368
6060
6063
6074
6074
6067
5621
4987
5097
5932
6065
6067
6075
6069
6033
4992
5021
5668
6063
6065
6076
6071
6064
5308
5003
5336
6045
6065
6075
6071
6071
5678
4987
5085
5885
6066
6068
6076
6072
6047
5002
5036
5606
6065
6064
6073
6072
6069
5297
4977
5255
6047
6062
6072
6071
6066
5774
4979
5061
5853
6064
6068
6075
6070
6055
5029
5009
5552
6065
6065
6075
6073
6069
5383
4998
5206
6039
6061
6073
6071
6071
5802
4979
5057
5849
6066
6066
6071
6070
6062
5027
5016
5537
6064
6065
6075
6073
6070
5454
5082
5192
6012
6062
6071
6074
6074
5891
5006
5054
5749
6063
6068
6074
6071
6066
5056
5021
5485
6063
6063
6074
6071
6069
5526
4987
5153
5973
6066
6070
6071
6069
5924
4992
5045
5758
6065
6064
6075
6067
6066
5098
5024
5407
6059
6066
6074
6071
6069
5606
5008
5087
5946
6065
6069
6073
6070
6015
5005
5054
5695
6063
6065
6077
6068
6063
5218
5017
5380
6055
6065
6077
6072
6068
5676
4999
5222
5953
6065
6069
6075
6068
6051
5027
5041
5715
6066
6065
6075
6071
6067
5327
5028
5363
6053
6065
6071
6073
6070
5740
4999
5140
5933
6065
6067
6073
6067
6056
5025
5050
5674
6064
6063
6079
6071
6067
5383
5017
5320
6050
6065
6072
6073
6068
5815
5015
5098
5859
6063
6070
6072
6069
6059
5118
5023
5598
6065
6064
6076
6071
6066
5440
4993
5217
6030
6064
6072
6074
6068
5884
4985
5071
5866
6064
6068
6077
6071
6059
5063
5017
5512
6063
6065
6078
6075
6068
5535
4997
5183
6042
6064
6068
6073
6067
5926
4989
5061
5792
6067
6067
6075
6072
6071
5073
5025
5425
6061
6063
6075
6073
6068
5546
4990
5147
5956
6064
6069
6074
6072
5962
4985
5055
5765
6063
6065
6076
6070
6068
5144
5095
5410
6056
6065
6074
6072
6067
5647
4983
5101
5932
6064
6068
6074
6070
6045
5003
5042
5623
6065
6061
6075
6069
6069
5215
5005
5294
6053
6065
6073
6073
6070
5691
4991
5075
5853
6064
6069
6074
6071
6050
5008
5009
5640
6064
6065
6072
6069
6065
5310
5008
5191
6030
6064
6072
6070
6066
5765
4985
5060
5861
6063
6069
6074
6071
6050
5009
5012
5532
6064
6064
6076
6067
6066
5353
4990
5305
5975
6064
6072
6069
6065
5802
4974
5057
5782
6064
6072
6074
6064
6053
5032
5005
5399
6065
6064
6072
6064
6060
5429
4983
5114
6008
6063
6073
6069
6060
5869
4977
5049
5715
6064
6064
6073
6068
6055
5050
5010
5414
6059
6065
6073
6068
6057
5494
4994
5110
5915
6066
6074
6069
6060
5896
5079
5037
5666
6063
6067
6073
6065
6058
5072
4992
5401
6057
6063
6074
6064
6060
5578
4998
5120
5933
6064