11819
12163
11145
11928
12157
12162
11844
11254
12155
12161
12161
10817
12165
12158
12162
11227
11825
12159
12163
11897
11297
12162
12161
12158
10846
12165
12158
12165
11278
11808
12162
12163
11957
11158
12165
12164
12162
10873
12167
12161
12161
11284
11752
12156
12163
11949
11081
12158
12160
12163
10808
12161
12158
12159
11349
11715
12157
12162
12050
11146
12160
12161
12163
10877
12165
12156
12163
11362
11784
12153
12161
12057
11175
12160
12163
12163
10803
12154
12155
12162
11374
11696
12158
12163
12064
11028
12159
12160
12161
10812
12152
12161
12160
11378
11648
12154
12159
12053
10990
12164
12161
12162
10847
12146
12160
12161
11455
11733
12159
12161
12090
11040
12160
12160
12159
10792
12165
12159
12161
11463
11719
12156
12163
12162
11027
12160
12158
12166
10780
12150
12155
12162
11480
11638
12160
12161
12167
10966
12163
12163
12163
10806
12155
12160
12162
11472
11588
12156
12162
12163
10918
12160
12160
12163
10866
12142
12157
12160
11477
11689
12158
12161
12161
10950
12163
12160
12161
10955
12164
12157
12158
11560
11575
12160
12162
12161
10937
12161
12161
12164
10916
12144
12153
12163
11580
11502
12154
12160
12164
10830
12164
12158
12161
10924
12127
12158
12160
11586
11481
12161
12162
12162
10807
12164
12157
12160
10901
12068
12158
12162
11603
11469
12160
12162
12166
10908
12166
12158
12164
11067
12157
12157
12165
11575
11539
12156
12162
12164
10892
12167
12161
12165
10989
12075
12157
12159
11593
11394
12161
12162
12163
10763
12164
12159
12162
11034
12061
12156
12162
11684
11434
12153
12163
12163
10742
12168
12161
12160
11012
12135
12157
12159
11725
11403
12157
12162
12161
10831
12164
12154
12158
11001
11986
12159
12162
11704
11457
12158
12159
12165
10829
12160
12158
12159
11013
12008
12153
12161
11710
11309
12156
12163
12164
10820
12168
12159
12162
11118
11977
12156
12161
11699
11310
12154
12159
12161
10763
12167
12158
12160
11124
11938
12155
12158
11811
11417
12159
12161
12155
10735
12160
12153
12161
11176
12030
12158
12162
11805
11382
12152
12160
12157
10768
12160
12159
12158
11099
11894
12159
12161
11836
11234
12157
12158
12162
10770
12164
12157
12159
11119
11898
12153
12159
11807
11214
12160
12160
12159
10790
12167
12154
12162
11208
11888
12155
12159
11829
11290
12158
12157
12158
10763
12165
12149
12162
11320
11953
12156
12156
11916
11277
12158
12158
12158
10731
12161
12155
12158
11232
11836
12156
12158
11926
11121
12156
12160
12154
10704
12159
12156
12161
11223
11793
12153
12159
11931
11151
12160
12157
12160
10801
12168
12157
12158
11240
11784
12155
12164
11921
11189
12161
12163
12158
10794
12154
12157
12159
11290
11782
12154
12160
11956
11176
12159
12164
12159
10776
12157
12153
12157
11335
11746
12154
12162
11978
11073
12160
12157
12163
10773
12155
12161
12159
11344
11738
12153
12160
12027
11058
12159
12159
12157
10742
12159
12154
12158
11347
11674
12154
12159
12060
11135
12159
12159
12152
10775
12157
12155
12158
11376
11768
12156
12161
12051
11122
12159
12157
12158
10827
12158
12157
12159
11364
11682
12157
12162
12042
10965
12161
12162
12156
10801
12155
12152
12160
11446
11644
12152
12159
12099
10959
12162
12156
12159
10790
12156
12152
12159
11472
11776
12148
12161
12158
10943
12158
12157
12159
10797
12150
12156
12155
11468
11692
12154
12159
12158
10965
12157
12161
12160
10824
12144
12155
12158
11471
11568
12152
12158
12162
10878
12160
12155
12158
10874
12115
12158
12162
11500
11560
12152
12160
12158
10892
12160
12160
12159
10892
12146
12159
12158
11559
11528
12155
12157
12164
10915
12163
12158
12156
10890
12137
12157
12159
11582
11584
12151
12159
12166
10844
12160
12160
12155
10861
12118
12157
12159
11573
11481
12153
12161
12160
10819
12164
12159
12156
10884
12128
12157
12158
11588
11460
12154
12159
12159
10804
12162
12161
12156
10960
12068
12154
12155
11592
11435
12154
12157
12158
10875
12164
12153
12157
10989
12152
12152
12161
11686
11508
12153
12158
12159
10859
12166
12156
12156
10986
12058
12157
12157
11685
11421
12155
12159
12160
10721
12164
12159
12161
10998
12021
12156
12162
11693
11371
12157
12158
12159
10777
12157
12156
12155
11051
12007
12155
12155
11720
11361
12153
12160
12158
10825
12162
12161
12157
11100
12097
12157
12161
11706
11410
12151
12159
12162
10761
12161
12153
12159
11101
11965
12152
12158
11767
11327
12151
12160
12154
10736
12165
12153
12156
11111
11912
12156
12157
11799
11288
12154
12155
12156
10725
12159
12158
12154
11100
12027
12153
12159
11814
11384
12157
12158
12157
10755
12166
12153
12157
11133
11975
12154
12156
11810
11227
12154
12160
12150
10819
12158
12156
12156
11161
11867
12157
12158
11823
11218
12158
12159
12159
10798
12161
12157
12156
11196
11859
12153
12158
11853
11202
12155
12160
12153
10730
12163
12155
12156
11235
11855
12153
12160
11908
11273
12158
12157
12154
10737
12162
12160
12154
11224
11911
12151
12159
11927
11162
12158
12161
12155
10730
12159
12156
12157
11206
11804
12153
12158
11937
11141
12157
12158
12159
10851
12160
12153
12156
11246
11768
12155
12157
11962
11121
12158
12159
12156
10817
12164
12157
12157
11325
11772
12151
12155
11958
11082
12157
12159
12157
10764
12167
12154
12157
11359
11778
12153
12157
12025
11021
12157
12156
12156
10748
12160
12155
12157
11337
11678
12152
12161
12057
11039
12158
12159
12158
10750
12164
12155
12159
11341
11680
12153
12158
12055
10988
12156
12159
12155
10788
12154
12153
12156
11350
11656
12154
12158
12043
11087
12160
12161
12155
10833
12157
12158
12159
11413
11659
12154
12160
12049
11067
12156
12156
12160
10768
12155
12154
12158
11445
11681
12157
12161
12054
10932
12158
12158
12156
10786
12146
12155
12154
11444
11585
12156
12158
12146
10947
12158
12158
12156
10756
12105
12155
12154
11464
11592
12151
12160
12145
11022
12158
12155
12154
10834
12163
12155
12159
11485
11554
12157
12155
12159
10948
12156
12157
12157
10851
12145
12151
12161
11459
11562
12151
12158
12157
10860
12161
12152
12154
10867
12137
12156
12159
11537
11555
12150
12157
12155
10851
12162
12158
12153
10866
12131
12154
12157
11571
11526
12158
12154
12157
10924
12155
12159
12152
10851
12153
12151
12156
11583
11489
12150
12159
12156
10869
12161
12155
12156
10877
12090
12155
12160
11582
11462
12151
12162
12156
10764
12157
12155
12157
10939
12111
12155
12157
11588
11408
12158
12156
12158
10779
12162
12153
12157
10988
12076
12154
12157
11617
11426
12152
12158
12154
10856
12161
12151
12151
11008
12075
12154
12161
11690
11513
12150
12157
12159
10873
12162
12154
12155
10986
12074
12152
12157
11703
11439
12153
12159
12155
10774
12162
12157
12157
11007
12065
12154
12154
11702
11374
12152
12158
12156
10836
12165
12155
12154
11040
12011
12152
12159
11720
11402
12150
12159
12155
10849
12164
12156
12154
11112
12027
12154
12157
11703
11401
12156
12158
12154
10799
12163
12153
12154
11108
12014
12152
12155
11750
11339
12150
12161
12154
10797
12157
12159
12154
11092
11956
12153
12156
11810
11294
12155
12155
12152
10783
12167
12152
12156
11114
11941
12154
12155
11827
11406
12154
12155
12150
10808
12161
12154
12154
11137
11920
12148
12160
11818
11403
12153
12155
12153
10853
12159
12157
12160
11145
11932
12152
12162
11810
11278
12152
12159
12157
10827
12162
12153
12154
11212
11912
12155
12153
11826
11216
12155
12159
12153
10800
12163
12153
12155
11217
11841
12151
12152
11923
11225
12154
12154
12158
10762
12162
12153
12156
11221
11836
12154
12157
11929
11269
12156
12156
12153
10747
12154
12153
12151
11228
11759
12151
12156
11921
11059
12155
12157
12157
10575
12148
12152
12159
11200
11604
12150
12158
11905
10867
12152
12154
12160
10602
12138
12152
12154
11219
11514
12153
12155
11923
10903
12155
12155
12156
10582
12120
12151
12158
11300
11509
12149
12161
11943
10876
12158
12156
12157
10594
12092
12152
12154
11305
11499
12149
12160
11978
10732
12157
12157
12157
10596
12058
12155
12159
11314
11442
12150
12159
12045
10705
12158
12159
12159
10574
12054
12150
12156
11306
11420
12150
12156
12030
10766
12161
12155
12155
10629
12039
12152
12154
11302
11387
12151
12160
12045
10750
12157
12153
12153
10691
12017
12151
12152
11361
11372
12146
12160
12043
10643
12151
12155
12159
10684
11972
12154
12155
11424
11364
12152
12157
12039
10635
12156
12153
12154
10701
11980
12155
12153
11429
11350
12153
12156
12142
10759
12157
12155
12155
10703
11967
12150
12157
11428
11399
12153
12158
12150
10645
12159
12155
12157
10740
11975
12148
12158
11437
11288
12149
12158
12157
10600
12153
12157
12156
10832
11953
12155
12157
11450
11230
12151
12157
12157
10620
12157
12153
12153
10830
11928
12150
12155
11547
11289
12151
12158
12155
10530
12156
12154
12155
10823
11904
12151
12155
11553
11313
12149
12155
12158
10603
12154
12151
12157
10832
11909
12150
12160
11558
11242
12149
12160
12155
10498
12157
12157
12154
10825
11905
12153
12155
11548
11216
12150
12158
12158
10510
12155
12152
12158
10901
11854
12151
12153
11730