2292
1934
-4396
7376
-4626
8627
-4616
6782
-3494
690
1404
-4715
7589
-4663
7298
-4705
5919
-3247
-852
2229
-4796
8172
-4735
7244
-4700
4734
-2857
-1733
2531
-4822
7412
-4732
6985
-4206
3467
-2377
-2557
3532
-4742
6713
-4725
6930
-4497
2624
-1829
-3507
4178
-4740
6603
-4735
6540
-4245
1926
-1090
-4428
4898
-4813
6662
-4748
6093
-4103
1081
-326
-4859
5910
-4721
6815
-4674
5765
-4068
30
739
-4856
6660
-4706
6297
-4762
4834
-3660
-1275
1122
-4838
6237
-4782
5612
-4662
3950
-3553
-2095
1788
-4819
5937
-4789
5626
-4737
3133
-3124
-3249
2448
-4859
5671
-4708
5463
-4596
2512
-2316
-4233
3328
-4785
5280
-4798
5030
-4316
1496
-2162
-4799
3994
-4768
5402
-4782
4693
-4586
531
-1496
-4811
4824
-4777
4753
-4791
4799
-4376
-766
-484
-4914
5473
-4808
4754
-4730
4595
-4420
-1701
148
-5110
5002
-4854
4709
-4819
3602
-4161
-2721
994
-4921
4797
-4850
4235
-4817
2588
-3800
-3850
1801
-4917
4487
-4865
4212
-4702
1711
-3306
-4804
2654
-4921
4494
-4837
4072
-4757
867
-2597
-4948
3647
-4908
4039
-4838
4172
-4764
-314
-1587
-4965
4316
-4919
3960
-4798
3822
-4564
-1368
-940
-4967
4326
-4909
4005
-4857
3619
-4517
-2301
26
-5649
4149
-4922
3545
-4863
2908
-4187
-3537
911
-5176
3855
-4905
3542
-4867
1861
-3825
-4620
2000
-4871
3644
-4885
3835
-4818
965
-3115
-4831
2675
-4952
3476
-4880
3425
-4853
-53
-2408
-5003
3904
-4938
3564
-4847
3541
-4797
-1100
-1538
-4978
4364
-4922
3403
-4807
3748
-4575
-1839
-524
-5625
3980
-4840
3349
-4799
3376
-4457
-3056
340
-4970
3649
-4899
3806
-4868
2275
-4119
-3926
1388
-4971
3682
-4807
3680
-4792
1753
-3471
-4778
2046
-4893
3745
-4906
3638
-4583
800
-3046
-5012
2968
-4873
3615
-4891
3399
-4800
-152
-1950
-4988
4189
-4930
3610
-4871
3730
-4691
-1119
-1315
-4988
4703
-4928
3531
-4889
3840
-4536
-2047
-669
-5699
4475
-4846
3496
-4801
3211
-4412
-3112
536
-4971
3513
-4916
3485
-4852
1995
-4107
-3945
1208
-4874
3640
-4831
3532
-4887
1497
-3775
-4882
2204
-4954
3149
-4893
3320
-4892
546
-3059
-5016
3040
-4952
3420
-4914
3470
-4808
-430
-2217
-4971
3862
-4859
3422
-4893
3507
-4757
-1428
-1412
-4980
4147
-4860
3100
-4900
3289
-4553
-2318
-383
-5365
3633
-4922
3605
-4898
2863
-4409
-3197
306
-4996
3503
-4929
3378
-4908
2073
-4284
-4216
1240
-4908
3656
-4912
3164
-4840
1301
-3701
-4893
2047
-4906
3448
-4891
3041
-4774
426
-2890
-5003
3248
-4932
3149
-4897
2932
-4834
-435
-2015
-4995
3844
-4869
2875
-4810
3528
-4839
-1490
-1515
-4998
3755
-4945
3151
-4888
3199
-4702
-2089
-447
-5668
3321
-4921
3359
-4809
2680
-4458
-3274
322
-5091
3452
-4818
3178
-4893
1846
-4192
-4307
1296
-4989
3385
-4896
3097
-4896
1078
-3653
-5010
2007
-4962
3330
-4827
3097
-4834
314
-3025
-5010
3133
-4968
3104
-4916
3093
-4730
-727
-2252
-5014
3340
-4943
2946
-4904
2937
-4669
-1565
-1475
-4898
4340
-4851
3237
-4769
3954
-4502
-2201
-354
-5335
5966
-4846
4532
-4842
3356
-4352
-2958
594
-4956
3555
-4897
4075
-4857
2363
-3930
-4071
1307
-4948
3764
-4926
3346
-4800
1353
-3792
-4962
1977
-4873
3486
-4842
2900
-4892
348
-3056
-5016
2944
-4972
3078
-4832
3612
-4814
-658
-2150
-5020
3410
-4933
2836
-4813
2907
-4728
-1496
-1284
-5014
4012
-4847
2847
-4889
2782
-4673
-2460
-741
-5387
2953
-4950
3016
-4914
2345
-4497
-3345
220
-5058
2871
-4962
2526
-4914
1511
-4340
-4403
866
-5219
2778
-4932
2492
-4939
467
-3701
-4885
2125
-4904
2445
-4840
2720
-4933
-306
-2901
-5014
2858
-4978
2141
-4940
2461
-4937
-1029
-2042
-5023
3044
-4988
2189
-4923
2257
-4844
-1944
-1278
-5012
2721
-4958
2519
-4849
2273
-4609
-2614
-644
-5347
2591
-4873
2068
-4946
1051
-4645
-3814
-1128
-5007
259
-4950
20
-4942
-803
-4222
-5038
-831
-5001
-814
-4890
-891
-4857
-2176
-3831
-5036
-437
-4911
-1252
-4982
-1729
-4969
-2900
-3704