21242.70
23811.57
24154.86
23699.59
24153.56
23656.26
24147.43
23661.94
24147.10
23611.51
24139.35
23646.74
24144.67
23794.87
24085.69
24182.27
23678.93
24150.59
23678.46
24147.85
23666.49
24144.85
23647.29
24142.93
23688.49
24138.95
23901.40
24055.84
24185.58
23653.16
24148.02
23676.40
24157.54
23680.95
24149.00
23645.00
24140.90
23645.99
24138.30
23847.33
24063.93
24183.69
23712.37
24149.44
23643.24
24145.23
23647.32
24146.53
23686.16
24151.32
23677.63
24140.56
23859.26
24051.63
24184.26
23663.83
24153.58
23612.16
24140.32
23628.83
24144.68
23621.17
24143.02
23673.20
24142.82
23854.98
24071.00
24188.00
23601.20
24138.32
23703.33
24151.24
23723.52
24152.35
23603.04
24141.21
23683.82
24133.08
23936.81
24022.48
24176.85
23613.59
24141.36
23600.14
24141.81
23615.48
24137.05
23603.31
24134.93
23714.69
24132.57
23972.76
23979.28
24176.13
23609.91
24147.29
23606.13
24142.41
23558.84
24130.49
23635.95
24140.90
23658.59
24112.56
24057.16
23922.02
24176.70
23599.17
24137.22
23584.42
24136.64
23606.86
24134.39
23583.24
24139.23
23680.92
24095.00
24122.90
23901.59
24177.36
23586.64
24136.86
23556.49
24137.45
23570.05
24134.31
23537.33
24131.93
23698.19
24094.02
24174.10
23818.51
24160.95
23594.90
24135.89
23586.09
24139.51
23570.25
24137.03
23574.50
24130.25
23711.53
24067.45
24174.15
23787.92
24159.69
23529.07
24134.71
23540.07
24134.91
23600.39
24138.24
23539.52
24132.15
23717.12
24067.11
24179.51
23773.15
24158.22
23567.62
24136.76
23518.68
24126.47
23543.75
24134.38
23582.34
24127.43
23722.94
24029.90
24175.79
23737.68
24154.67
23527.67
24132.77
23579.48
24137.95
23539.50
24134.85
23548.19
24133.02
23709.10
24028.51
24181.95
23678.00
24146.90
23540.39
24135.84
23616.68
24138.07
23576.41
24134.94
23575.19
24129.42
23722.24
24008.23
24164.62
23706.86
24153.39
23554.54
24133.66
23581.37
24138.14
23557.51
24130.35
23583.74
24132.08
23800.81
23948.58
24173.96
23551.20
24136.02
23552.80
24129.88
23528.79
24138.28
23578.23
24136.92
23572.69
24126.47
23854.25
23974.63
24173.86
23614.19
24139.62
23556.76
24132.98
23576.80
24131.38
23523.54
24135.06
23609.41
24128.34
23941.74
23984.27
24182.93
23576.39
24141.24
23536.23
24130.92
23520.79
24136.58
23547.46
24132.05
23620.81
24130.38
23947.34
23981.24
24176.33
23559.53
24134.15
23549.02
24134.90
23559.89
24134.19
23633.62
24142.46
23682.15
24132.91
23949.39
23989.54
24177.16
23545.22
24135.42
23537.44
24136.44
23571.75
24140.78
23581.18
24141.72
23619.07
24114.01
23997.00
23980.80
24177.18
23626.22
24139.92
23614.39
24133.34
23521.03
24136.60
23560.06
24130.61
23625.16
24109.22
24063.12
23972.11
24178.11
23494.91
24129.49
23581.85
24137.29
23563.73
24140.87
23524.49
24128.85
23642.99
24126.30
24054.93
23966.79
24174.88
23616.09
24141.61
23651.46
24143.35
23551.74
24136.08
23590.61
24128.26
23656.43
24066.44
24149.75
23901.58
24171.06
23537.41
24135.54
23494.25
24134.83
23550.88
24136.89
23569.09
24130.61
23669.26
24092.03
24147.80
23883.38
24164.74
23585.38
24143.04
23555.31
24133.73
23567.87
24134.09
23592.21
24137.42
23698.74
24067.98
24173.30
23803.13
24161.22
23569.72
24136.97
23572.70
24139.07
23562.11
24133.51
23586.75
24134.18
23695.72
24057.77
24184.88
23720.59
24147.56
23547.66
24132.97
23563.30
24138.13
23565.61
24135.66
23614.87
24136.09
23713.01
24050.50
24176.05
23676.51
24147.65
23560.27
24136.03
23546.50
24133.75
23545.38
24134.54
23632.75
24131.58
23739.56
23989.26
24174.43
23629.54
24142.96
23549.90
24133.19
23510.22
24139.12
23545.01
24134.50
23560.75
24127.98
23786.90
24025.49
24178.95
23603.90
24138.59
23558.46
24134.95
23552.70
24135.27
23540.13
24129.51
23609.75
24130.18
23814.12
23975.11
24173.01
23537.60
24133.76
23551.68
24129.77
23569.28
24136.03
23536.60
24132.76
23601.98
24124.00
23835.10
24049.21
24185.82
23562.28
24129.93
23570.19
24136.12
23569.01
24136.90
23607.79
24139.88
23571.19
24119.12
23844.51
23977.25
24176.83
23591.08
24140.01
23501.00
24126.50
23526.65
24135.37
23567.14
24129.51
23610.65
24133.87
23924.29
23993.33
24178.43
23556.14
24133.82
23547.18
24133.82
23596.68
24138.77
23536.88
24129.19
23625.02
24123.60
23929.56
23996.56
24179.66
23517.57
24124.56
23544.46
24133.55
23560.66
24130.67
23535.17
24130.82
23618.88
24128.39
23956.14
24011.82
24183.88
23532.39
24131.44
23536.15
24135.41
23577.04
24135.91
23496.09
24135.01
23613.90
24111.69
23954.47
23927.05
24176.31
23536.13
24132.71
23509.27
24129.13
23554.82
24137.28
23500.73
24127.37
23661.74
24127.27
24045.13
23918.11
24176.31
23530.73
24125.87
23582.39
24141.84
23575.88
24136.69
23577.17
24129.62
23607.06
24102.01
24037.20
23902.02
24168.40
23552.44
24137.94
23529.59
24133.86
23553.49
24131.75
23534.38
24128.94
23670.00
24078.60
24089.76
23844.28
24162.63
23559.06
24135.01
23526.60
24133.56
23557.06
24138.41
23568.34
24131.43
23725.15
24086.82
24171.58
23773.26
24161.83
23567.08
24135.81
23558.18
24134.02
23549.00
24131.30
23546.03
24127.40
23695.94
24044.29
24175.43
23697.14
24152.41
23531.04
24133.11
23530.91
24130.39
23554.04
24133.60
23548.06
24129.41
23704.24
24033.42
24181.54
23682.45
24147.35
23566.53
24130.35
23570.24
24137.92
23615.99
24132.60
23585.76
24134.08
23747.01
23995.40
24180.44
23595.95
24137.80
23573.68
24133.77
23522.88
24137.69
23570.97
24134.40
23594.04
24129.50
23778.95
24048.10
24184.81
23598.18
24138.02
23573.70
24132.87
23550.69
24134.17
23600.32
24137.33
23627.64
24128.36
23813.04
24018.21
24187.22
23526.42
24136.24
23549.23
24143.02
23570.60
24137.06
23581.71
24139.97
23542.40
24127.94
23858.90
24007.49
24180.75
23621.18
24141.22
23592.92
24138.39
23562.94
24134.50
23558.05
24137.60
23605.16
24129.72
23869.87
24003.19
24183.02
23528.70
24136.47
23576.25
24141.23
23522.72
24133.17
23581.32
24138.13
23585.41
24130.44
23915.84
23990.68
24177.27
23512.83
24127.68
23593.37
24140.24
23670.22
24147.92
23554.89
24130.99
23648.60
24125.06
23954.01
24017.00
24179.00
23522.90
24132.29
23533.53
24130.65
23553.17
24140.72
23583.87
24132.09
23634.31
24139.83
24028.39
23933.54
24173.36
23548.44
24134.84
23572.49
24133.65
23584.07
24136.61
23537.56
24129.26
23671.83
24081.48
24080.15
23905.42
24172.34
23551.93
24133.39
23559.74
24134.17
23578.72
24141.47
23570.45
24128.95
23678.09
24065.01
24168.50
23809.85
24162.79
23541.98
24135.10
23569.81
24133.38
23565.14
24144.61
23544.66
24138.97
23746.60
24081.76
24182.78
23834.68
24171.57
23586.96
24134.20
23586.82
24140.48
23583.85
24137.49
23586.25
24135.03
23692.20
24052.92
24182.59
23794.16
24163.02
23584.30
24140.23
23573.02
24132.80
23590.28
24144.43
23599.54
24139.96
23720.60
24085.46
24189.45
23795.75
24163.17
23698.62
24151.66
23637.17
24141.92
23586.69
24142.27
23639.83
24140.38
23780.04
24032.00
24176.00
23727.80
24159.98
23583.10
24144.61
23653.56
24152.56
23617.46
24145.35
23642.83
24146.98
23745.60
24074.46
24188.35
23729.04
24149.31
23645.03
24147.20
23607.02
24140.70
23685.57
24148.56
23659.36
24137.84
23842.79
24058.98
24193.10
23684.51
24148.45
23603.55
24141.26
23929.53
24180.15
23955.92
24179.19
23977.42
24186.74
24083.47
24155.95
24192.90
24024.69
24181.57
24025.36
24186.14
24066.31
24189.33
24080.13
24193.41
24070.64
24191.57
24152.36
24161.94
24200.69
24083.07
24186.51
24062.75
24193.48
24078.75
24198.67
24066.67
24189.37
24092.74
24192.87
24126.39
24167.44
24195.84
24099.68
24189.07
24090.91
24189.99
24100.00
24194.50
24099.55
24195.36
24114.04
24192.31
24141.63
24150.07
24192.31
24103.83
24187.68
24103.37
24193.04
24091.31
24197.23
24085.42
24188.54
24137.66
24199.17
24169.32
24164.53
24201.85
24080.49
24191.65
24101.97
24192.90
24102.99
24197.50
24082.75
24194.58
24101.36
24184.74
24166.08
24144.41
24190.84
24086.58
24184.16
24087.72
24193.27
24096.73
24194.17
24094.12
24192.11
24114.61
24183.36
24186.64
24150.07
24192.31
24096.63
24195.07
24095.11
24203.91
24090.59
24199.86
24106.39
24190.64
24106.36
24189.74
24191.77
24147.88
24191.19
24097.42
24187.04
24096.11
24195.91
24113.19
24198.52
24107.15
24193.41
24134.54
24183.56
24188.46
24132.25
24196.83
24115.98
24196.10
24102.41
24198.34
24102.63
24199.26
24110.83
24191.08