14673
16004
15392
15276
15743
14804
15771
14580
15961
14725
15842
15098
15467
15658
14680
15824
14513
16024
14673
16004
15392
15276
15743
14804
15771
14580
15961
14725
15842
15098
15467
15658
15343
15681
14798
15772
14688
15944
14657
15959
15068
15726
15766
14601
15849
14729
15984
14718
16156
15035
15636
15766
14632
15809
14742
15916
14612
16072
14912
15725
15659
15100
15816
14693
15958
14519
16007
14805
15911
15607
15127
15809
14502
15844
14598
16149
14830
15989
15553
15185
15760
14815
15952
14568
16091
14683
16071
15464
15196
15804
14712
15901
14650
16080
14639
15931
15366
15231
15752
14749
15972
14541
15840
14649
15935
15265
15438
15659
14641
15713
14677
15916
14707
15931
15219
15644
15674
14921
15715
14661
15943
14621
15991
15019
15802
15778
14871
15822
14654
15887
14605
16024
15010
15692
15719
14710
15796
14709
15757
14600
15999
15048
15692
15727
14984
15711
14758
15904
14650
15962
15000
15801
15606
15146
15605
14742
15762
14684
16066
14837
15985
15515
15350
15737
14833
15921
14621
16149
14704
16081
15352
15141
15761
14658
15868
14439
15990
14675
16016
15359
15351
15799
14677
15706
14629
15908
14659
16003
15176
15569
15713
14678
15817
14680
15950
14477
16057
15023
15782
15652
14818
15841
14599
15948
14539
16201
15045
15667
15773
14769
15834
14635
15885
14648
16171
14974
15773
15730
15107
15813
14741
15983
14588
16089
14791
15962
15667
15036
15830
14712
15912
14452
16037
14844
15897
15582
15107
15808
14508
15810
14577
16107
14813
15834
15495
15316
15716
14690
15966
14759
16012
14691
15841
15470
15405
15704
14528
15736
14594
15917
14707
15966
15376
15434
15682
14803
15734
14754
15983
14744
15937
15202
15578
15643
14877
15702
14573
15925
14607
16064
15179
15600
15759
14896
15684
14694
15785
14707
15825
15045
15667
15759
14932
15759
14510
15804
14554
15866
14776
15704
15742
14808
15817
14709
15807
14716
16069
14948
15732
15661
15094
15749
14741
15789
14525
16001
14851
15783
15439
15291
15729
14711
15769
14558
16004
14710
16026
15463
15313
15742
14781
15941
14584
16026
14621
15944
15311
15313
15792
14483
15786
14554
15841
14762
16125
15200
15405
15683
14673
15801
14518
16002
14572
15999
15195
15509
15707
14735
15842
14556
15826
14614
15996
15124
15527
15742
14780
15653
14710
15824
14691
15897
15118
15662
15584
15019
15666
14775
15860
14715
16081
14951
15647
15710
15230
15691
14726
15865
14533
15890
14835
15791
15580
15196
15689
14596
15700
14613
15982
14916
15933
15513
15156
15715
14610
15934
14691
16152
14689
15807
15448
15250
15650
14712
15704
14512
15841
14581
15949
15342
15333
15737
14678
15727
14651
16002
14631
15906
15236
15558
15736
14820
15820
14713
15816
14680
16039
15079
15729
15776
14882
15936
14701
16029
14618
15883
14938
15874
15725
14767
15830
14610
15930
14497
16110
14955
15699
15710
14855
15858
14659
15945
14471
15977
14977
15621
15712
14920
15785
14608
15808
14640
16016
14971
15789
15594
15130
15653
14823
15762
14605
16008
14856
15785
15577
15303
15745
14711
15797
14682
16087
14877
15892
15321
15365
15652
14711
15693
14722
15930
14585
15832
15264
15491
15680
14592
15689
14585
15778
14553
16009
15131
15461
15725
14761
15750
14635
16046
14580
16026
15117
15592
15751
14879
15710
14497
15851
14565
16189
15037
15803
15675
14939
15809
14583
16009
14628
16045
14857
15872
15708
15053
15815
14526
16032
14546
16118
14830
15845
15676
14968
15827
14569
15980
14554
15948
14819
15891
15613
15027
15769
14619
15743
14696
15887
14900
15966
15469
15301
15756
14664
15849
14687
16062
14801
16113
15435
15348
15766
14770
15796
14640
15835
14665
15995
15302
15447
15656
14792
15690
14740
15766
14690
16120
15196
15548
15586
14827
15771
14690
15833
14608
15984
15066
15740
15738
14918
15709
14521
15687
14681
16103
15063
15778
15723
14929
15685
14751
15859
14654
16127
14843
15856
15712
15018
15758
14672
15830
14486
16011
14967
15866
15531
15016
15710
14686
15921
14571
16076
14880
15924
15572
15216
15760
14489
15892
14576
16056
14698
16002
15454
15241
15678
14856
15743
14575
16028
14584
15919
15412
15434
15762
14754
15802
14615
16022
14629
16049
15215
15483
15743
14806
15966
14601
15874
14644
16071
15168
15713
15779
14691
15848
14655
15953
14640
16138
15001
15694
15804
14715
15874
14562
15997
14466
16043
15072
15558
15734
14779
15803
14627
15763
14652
15953
15060
15607
15770
14965
15661
14753
15736
14549
15965
14977
15925
15582
15192
15679
14840
15877
14622
16094
14773
15952
15541
15209
15688
14816
15927
14622
16080
14680
15936
15428
15321
15671
14726
15745
14515
15848
14719
16012
15378
15331
15796
14771
15737
14586
15852
14731
15907
15130
15574
15730
14914
15593
14668
15917
14635
15890
15104
15699
15770
14756
15838
14578
15827
14530
15944
15011
15647
15742
14778
15741
14714
15935
14624
16155
14950
15796
15752
14943
15762
14727
15819
14515
16084
14950
15843
15652
15094
15698
14875
15908
14658
16178
14734
15975
15538
15364
15784
14692
15963
14702
16112
14810
16015
15445
15280
15781
14636
15831
14627
16084
14625
15918
15284
15416
15726
14463
15826
14665
15929
14433
16104
15329
15427
15824
14673
15810
14723
15982
14588
15954
15225
15435
15734
14719
15772
14574
15794
14625
15898
15176
15585
15783
14908
15727
14684
15837
14579
16104
15095
15815
15591
14868
15790
14608
16003
14563
16049
14846
15754
15722
14955
15756
14575
15893
14510
15899
14815
15752
15656
15003
15632
14778
15775
14550
15705
14906
15880
15556
15277
15813
14850
15860
14504
16011
14649
15996
15431
15331
15754
14672
15721
14571
15947
14638
15935
15339
15321
15808
14738
15729
14615
15861
14682
15847
15260
15622
15678
14860
15776
14592
15827
14636
16010
15007
15654
15741
14815
15779
14669
15912
14638
15935
15038
15557
15728
14777
15738
14732
15960
14622
16049
14898
15624
15661
14936
15634
14601
15854
14608
16052
15012
15728
15678
15077
15755
14682
15840
14687
15986
14824
15952
15529
15306
15734
14684
15906
14615
16088
14807
16142
15379
15266
15817
14701
15872
14578
16130
14588
15952
15350
15365
15834
14626
15868
14481
15923
14652
16038
15291
15370
15774
14714
15780
14623
15893
14607
15983
15126
15634
15654
14770
15796
14672
15874
14554
16180
14956
15758
15717
14796
15855
14533
15967
14476
16089
14972
15699
15768
14765
15866
14716
15900
14530
16006
14915
15644
15760
14891
15780
14621
15742
14586
15950
14949
15686
15638
15128
15758
14775
15847
14532
15939
14937
15740
15516
15272
15631
14587
15771
14591
16020
14736
16023
15327
15284
15629
14689
15790
14596
16051
14589
15896
15279
15408
15654
14574
15830
14513
15909
14585
16014
15228
15427
15745
14729
15909
14549
15900
14596
15819
15189
15599
15763
14805
15835
14635
15848
14629
16056
14968
15783
15692
14740
15797
14548
15954
14534
16055
14950
15597
15713
14855
15873
14606
15935
14467
15934
14885
15704
15678
14993
15732
14633
15790
14509
15798
14839
15621
15621
15082
15713
14738
15725
14573
15807
14814
15865
15509
15240
15657
14426
15658
14648
15854
14669
15910
15412
15238
15557
14703
15736
14656
15847
14697
15870
15334
15403
15656
14853
15704
14639
15836
14732
15969
15180
15451
15697
14871
15613
14671
15998
14532
15968
15056
15633
15719
14580
15804
14688
15861
14516
15853
14945
15735
15734
14742
15712
14617
15668
14668
16040
14993
15650
15698
14935
15743
14672
15795
14676
16147
14856
15808
15554
15108
15708
14607
15937
14490
16032
14751
15950
15518
15028
15767
14682
15747
14615
15910
14853
15742
15507
15240
15696
14760
15732
14684
16012
14694
15861
15408
15344
15759
14804
15818
14649
16041
14618
16059
15205
15569
15713
14710
15783
14510
16041
14573
16070
15056
15540
15725
14792
15724
14498
15901
14525
15946
15120
15688
15735
14560
15696
14645
15735
14643
16019
15020
15589
15559
14954
15762
14748
15880
14543
15976
14985
15581
15701
15069
15674
14598
15758
14619
15821
14901
15856
15599
15047
15794
14752
15697
14610
15951
14822
15834
15527
15260
15669
14860
15845
14517
16026
14671
16018
15401
15288
15687
14634
15658
14567
15923
14629
15910
15353
15235
15752
14705
15855
14520
15882
14513
15853
15271
15499
15772
14766
15810
14624
16048
14662
16003
15079
15625
15774
14755
15845
14689
15953
14568
15921
14994
15700
15726
14648
15839
14679
15856
14721
16088
15081
15488
15714
14919
15704
14739
15789
14665
15995
14978
15777
15570
15091
15671
14639
15866
14503
15956
14800
15893
15592
15155
15719
14568
15699
14635
15888
14816
15853
15473
15075
15694
14676
15811
14492
15948
14703
15922
15302
15291
15682
14802
15740
14526
15830
14759
16013
15255
15500
15698
14802
15735
14594
16043
14649
16042
15168
15633
15526
14741
15791
14549
16002
14535
15916
15089
15406
15822
14616
15724
14610
15805
14684
15877
15028
15699
15726
14947
15694
14651
15837
14663
15988
14957
15839
15651
14790
15809
14718
15937
14548
16055
14773
15806
15645
14947
15818
14606
15919
14401
16051
14782
15845
15570
14974
15800
14543
15787
14590
15971
14807
15732
15460
15241
15761
14757
15721
14552
15869
14698
15891
15355
15406
15668
14644
15810
14479
15889
14753
15850
15254
15270
15700
14684
15687
14709
15794
14692
15966
15211
15516
15684
14940
15749
14633
15904
14631
15940
15029
15624
15742
14883
15828
14603
15787
14588
15958
15011
15590
15759
14855
15639
14656
15792
14629
16048
14912
15758
15636
14963
15770
14682
15945
14623
16037
14829
15653
15608
15031
15763
14495
15913
14552
15873
14855
15909
15584
14945
15743
14630
15695
14654
15911
14852
15940
15451
15227
15632
14791
15820
14679
15964
14677
15987
15297
15286
15742
14710
15798
14558
16005
14619
15942
15207
15361
15751
14697
15702
14505
15844
14597
15904
15157
15418
15738
14689
15796
14632
15770
14660
16074
15040
15780
15696
14819
15792
14536
15959
14644
16125
14874
15622
15735
14850
15816
14604
15905
14479
15872
14921
15733
15620
14931
15733
14589
15777
14616
16130
14953
15816
15451
15151
15715
14594
15895
14700
16104
14779
15826
15526
15141
15695
14766
15808
14538
16008
14714
15867
15426
15214
15693
14594
15833
14616
15896
14762
16003
15313
15434
15622
14882
15638
14780
15839
14744
15846
15207
15476
15649
14807
15772
14610
15796
14681
15876
15240
