4068
4577
3809
4686
3862
4677
3971
4452
4367
3906
4763
3783
4688
3916
4721
4025
4398
4425
3949
4696
3843
4730
3884
4643
4098
4322
4408
3873
4773
3822
4750
3848
4648
4121
4215
4538
3886
4713
3782
4725
3891
4736
4061
4135
4598
3903
4701
3838
4740
3943
4748
4176
4082
4579
3872
4747
3867
4797
3931
4686
4200
4045
4668
3718
4762
3873
4712
4037
4554
4259
4048
4650
3804
4735
3862
4713
4011
4378
4408
3967
4683
3839
4812
3791
4737
4072
4347
4410
3860
4653
3777
4756
3949
4677
4154
4317
4440
3831
4712
3800
4851
3984
4662
4138
4194
4502
3970
4686
3783
4729
3990
4693
4075
4112
4589
3903
4800
3939
4774
3874
4622
4109
4044
4688
3890
4689
3817
4760
3906
4488
4212
4084
4571
3818
4677
3844
4724
4056
4547
4426
3984
4755
3892
4753
3887
4671
3960
4410
4396
3924
4724
3826
4683
3899
4740
4055
4329
4395
3854
4687
3800
4779
3913
4741
4032
4300
4448
3885
4807
3754
4764
3964
4737
4170
4196
4611
3894
4643
3786
4738
3948
4717
4138
4191
4618
3995
4732
3823
4740
3923
4714
4180
4063
4640
3832
4769
3856
4770
3950
4631
4243
4137
4655
3826
4652
3827
4655
4009
4459
4303
3939
4640
3769
4768
3866
4726
4095
4408
4407
4089
4706
3869
4760
3910
4738
4023
4384
4454
3999
4730
3954
4789
3886
4622
4055
4260
4469
3897
4711
3791
4805
3978
4705
4129
4245
4554
3919
4710
3798
4805
3942
4758
4139
4181
4695
3996
4767
3892
4662
3972
4623
4189
4016
4706
3802
4678
3778
4757
4061
4615
4328
4071
4697
3807
4762
3867
4786
3955
4506
4449
3993
4692
3842
4799
3927
4737
4080
4382
4448
3980
4680
3782
4764
3832
4640
3975
4384
4546
3951
4741
3827
4624
3945
4729
4122
4304
4458
3913
4772
3763
4758
4066
4654
4230
4194
4609
3842
4721
3899
4720
3974
4741
4172
4107
4668
3934
4828
3904
4753
3999
4683
4174
4126
4642
3901
4759
3924
4740
3998
4624
4216
4025
4685
3874
4732
3872
4707
3999
4413
4363
3865
4791
3852
4745
3837
4682
3983
4405
4397
3915
4772
3857
4735
3862
4735
4074
4343
4415
3862
4705
3770
4730
3906
4758
4135
4204
4514
3869
4764
3883
4842
3994
4723
4245
4113
4601
3984
4708
3787
4765
3951
4690
4177
4192
4655
3847
4736
3801
4746
3937
4633
4196
4066
4668
3908
4799
3742
4673
4007
4555
4308
4067
4667
3882
4731
3882
4765
4107
4438
4376
3980
4703
3843
4801
3885
4707
4036
4407
4356
3903
4672
3736
4773
3904
4743
4159
4348
4479
3915
4777
3789
4709
3991
4621
4042
4213
4591
3874
4752
3813
4769
3913
4735
4194
4148
4624
3963
4732
3813
4770
3936
4634
4206
4091
4651
3838
4761
3752
4667
3941
4508
4306
4092
4785
3880
4756
3836
4759
4028
4475
4306
4077
4706
3874
4757
3884
4794
3963
4354
4411
3941
4746
3847
4704
3877
4693
4140
4404
4495
3942
4639
3822
4692
3979
4686
4131
4278
4531
3875
4723
3939
4744
3875
4679
4102
4225
4635
3937
4789
3880
4721
3965
4747
4187
4182
4523
3916
4774
3840
4642
3949
4681
4237
4082
4656
3895
4787
3879
4810
3951
4613
4266
4061
4651
3793
4737
3860
4813
4025
4475
4324
3952
4712
3835
4866
3877
4745
4003
4471
4410
3835
4779
3907
4758
3967
4712
4101
4393
4395
3889
4747
3855
4804
3929
4732
4142
4316
4509
3958
4690
3770
4716
3938
4592
4115
4159
4631
3864
4777
3771
4775
4048
4675
4224
4090
4616
3862
4662
3806
4797
3854
4626
4234
4080
4605
3875
4809
3745
4826
3981
4565
4266
4081
4696
3879
4781
3830
4683
4127
4523
4379
3973
4689
3874
4748
3905
4704
4025
4372
4423
3997
4666
3860
4738
3963
4701
4156
4273
4469
3955
4671
3830
4758
3900
4791
4092
4236
4611
3901
4842
3866
4672
3902
4662
4125
4198
4458
3836
4748
3767
4768
3915
4603
4173
4201
4700
3868
4868
3849
4762
3945
4623
4238
4063
4652
3791
4787
3846
4779
3928
4678
4326
4041
4645
3770
4798
3877
4736
3995
4426
4360
4014
4764
3858
4712
3838
4748
4074
4391
4440
3972
4652
3780
4735
3918
4754
4126
4409
4463
3931
4788
3876
4724
3853
4679
4124
4255
4464
3823
4772
3860
4798
3962
4785
4149
4203
4570
3892
4761
3809
4702
3955
4709
4187
4248
4743
3948
4766
3920
4783
3911
4584
4234
4059
4689
3838
4758
3814
4837
3986
4559
4362
4060
4678
3807
4691
3899
4702
4028
4444
4336
3996
4699
3877
4759
3814
4741
4025
4381
4420
3974
4676
3798
4786
3902
4728
4077
4268
4464
3962
4685
3902
4763
3876
4726
4059
4241
4504
3897
4728
3823
4814
3970
4640
4221
4181
4578
3874
4737
3784
4780
3931
4684
4196
4187
4721
3818
4729
3840
4775
3953
4639
4295
4083
4656
3846
4742
3871
4724
3927
4512
4430
4082
4804
3816
4805
3812
4764
3943
4452
4386
3918
4696
3774
4730
3981
4773
4037
4416
4480
3962
4714
3915
4805
3841
4761
4040
4298
4514
3964
4805
3879
4709
3926
4729
4082
4171
4571
3957
4743
3725
4735
3897
4676
4225
4208
4536
4002
4718
3788
4717
3928
4674
4167
4104
4632
3910
4746
3858
4662
3944
4543
4304
4128
4686
3960
4768
3860
4751
4114
4574
4299
4057
4695
3969
4740
3826
4687
4049
4472
4386
3980
4744
3859
4668
3922
4739
4070
4417
4460
3999
4710
3847
4710
3799
4649
4082
4352
4429
3991
4708
3868
4716
3857
4710
4155
4234
4531
3877
4774
3893
4726
4000
4740
4113
4124
4584
3905
4768
3779
4777
3930
4636
4136
4132
4616
3860
4897
3830
4807
3994
4615
4307
4083
4699
3860
4763
3882
4748
3966
4535
4383
3985
4758
3862
4720
3852
4743
4013
4499
4305
3985
4795
3789
4801
3913
4725
4072
4420
4503
3919
4778
3796
4767
3981
4650
4043
4342
4569
3948
4738
3935
4742
3878
4702
4113
4256
4529
3854
4657
3868
4832
3960
4713
4210
4157
4553
3857
4718
3898
4701
3970
4650
4159
4143
4698
3850
4752
3831
4731
4046
4546
4222
4078
4620
3818
4773
3899
4775
4091
4491
4405
4019
4699
3920
4765
3854
4664
4110
4465
4403
3954
4821
3946
4770
3950
4695
4096
4346
4427
4011
4764
3927
4776
3915
4719
4067
4234
4505
3913
4718
3774
4760
3895
4728
4153
4284
4493
3928
4696
3847
4695
3954
4671
4220
4142
4662
3961
4740
3848
4680
3906
4654
4183
4102
4615
3861
4823
3755
4760
4004
4622
4291
4086
4654
3931
4756
3918
4719
4025
4580
4350
3990
4650
3940
4802
3856
4705
4112
4465
4354
4025
4719
3871
4772
3874
4717
3971
4475
4527
3929
4723
3824
4751
3936
4694
4095
4349
4522
3997
4759
3796
4756
3910
4695
4118
4200
4571
3912
4654
3751
4726
3937
4669
4084
4145
4630
3932
4664
3817
4766
3978
4720
4197
4115
4628
3935
4741
3757
4756
3991
4676
4159
4023
4570
3777
4795
3823
4674
3929
4482
4255
3994
4614
3841
4665
3880
4579
4001
4490
4291
3948
4695
3730
4612
3919
4726
4013
4416
4366
3970
4702
3830
4710
3838
4699
3983
4221
4390
3841
4687
3742
4728
3828
4661
4027
4187
4497
3852
4663
3717
4691
3793
4567
4160
4021
4484
3845
4697
3769
4703
3858
4610
4115
3966
4635
3769
4649
3717
4606
3874
4577
4141
4009
4618
3723
4651
3707
4679
3971
4481
4201
3919
4673
3741
4630
3792
4768
3971
4433
4284
3907
4640
3661
4691
3828
4631
3960
4303
4323
3872
4698
3881
