5610
5598
5622
5579
5645
5576
5649
5591
5636
5611
5613
5634
5599
5654
5596
5659
5603
5646
5621
5625
5648
5600
5665
5595
5665
5606
5651
5625
5624
5652
5605
5672
5609
5663
5614
5658
5634
5626
5673
5604
5680
5613
5671
5629
5652
5661
5633
5691
5612
5700
5627
5683
5657
5656
5699
5627
5716
5624
5715
5645
5689
5669
5657
5700
5639
5716
5628
5711
5646
5691
5681
5656
5713
5632
5725
5634
5711
5647
5693
5685
5654
5713
5630
5724
5638
5711
5659
5687
5692
5652
5716
5630
5728
5642
5712
5657
5680
5690
5648
5718
5633
5718
5637
5707
5662
5679
5695
5644
5727
5631
5717
5643
5702
5666
5671
5696
5643
5724
5629
5717
5640
5707
5672
5670
5705
5640
5722
5631
5721
5647
5695
5677
5666
5709
5631
5724
5632
5709
5645
5693
5673
5661
5710
5636
5725
5639
5712
5649
5694
5683
5657
5712
5632
5723
5640
5714
5656
5683
5686
5654
5715
5630
5728
5636
5712
5655
5685
5691
5652
5721
5626
5727
5638
5712
5664
5680
5694
5648
5725
5627
5728
5635
5712
5666
5678
5702
5640
5723
5629
5721
5644
5709
5667
5675
5697
5640
5728
5627
5723
5641
5702
5672
5665
5705
5642
5726
5631
5715
5647
5693
5678
5662
5707
5637
5722
5630
5716
5652
5696
5678
5660
5708
5633
5728
5637
5714
5650
5694
5686
5660
5706
5629
5724
5634
5714
5658
5685
5691
5651
5717
5628
5726
5637
5713
5660
5681
5693
5649
5716
5632
5726
5640
5708
5663
5678
5697
5647
5724
5633
5723
5643
5703
5664
5674
5699
5645
5723
5631
5720
5644
5707
5667
5670
5700
5639
5721
5634
5722
5646
5699
5670
5666
5709
5638
5727
5630
5718
5644
5697
5682
5663
5704
5641
5723
5630
5716
5652
5693
5679
5660
5711
5624
5723
5637
5712
5652
5686
5693
5654
5718
5630
5729
5640
5713
5655
5689
5689
5648
5717
5635
5726
5635
5715
5663
5677
5689
5645
5716
5628
5726
5642
5701
5664
5677
5697
5643
5717
5631
5724
5645
5707
5668
5670
5701
5644
5720
5631
5716
5646
5694
5670
5670
5700
5633
5719
5630
5715
5642
5696
5674
5666
5713
5636
5723
5628
5717
5649
5688
5676
5659
5711
5632
5718
5632
5716
5650
5693
5681
5653
5711
5628
5721
5629
5716
5656
5682
5681
5655
5714
5632
5727
5630
5708
5659
5681
5695
5647
5716
5630
5723
5633
5707
5662
5675
5686
5647
5721
5623
5724
5642
5703
5660
5674
5696
5640
5722
5624
5724
5638
5701
5665
5664
5699
5642
5726
5627
5723
5647
5704
5670
5664
5708
5634
5721
5627
5718
5642
5698
5679
5660
5711
5634
5722
5632
5717
5647
5696
5688
5658
5708
5637
5723
5638
5712
5654
5689
5687
5659
5716
5629
5730
5636
5717
5656
5683
5693
5651
5714
5632
5731
5643
5711
5661
5681
5691
5651
5720
5630
5724
5646
5709
5666
5686
5696
5649
5725
5639
5723
5646
5710
5672
5680
5699
5649
5726
5639
5725
5649
5710
5676
5675
5705
5649
5723
5638
5719
5651
5704
5676
5670
5707
5645
5722
5637
5724
5654
5700
5682
5663
5716
5640
5726
5636
5721
5654
5695
5684
5659
5712
5634
5728
5636
5714
5657
5686
5678
5652
5709
5625
5725
5633
5706
5649
5681
5681
5645
5718
5623
5718
5632
5704
5648
5676
5684
5642
5710
5628
5713
5633
5701
5658
5672
5693
5641
5716
5628
5713
5638
5704
5667
5664
5696
5636
5716
5639
5718
5649
5700
5670
5661
5699
5640
5722
5634
5719
5652
5692
5675
5664
5708
5637
5723
5633
5716
5651
5697
5675
5659
5712
5633
5726
5636
5718
5647
5697
5677
5655
5707
5637
5719
5636
5718
5653
5688
5687
5654
5713
5633
5719
5634
5707
5657
5680
5688
5648
5715
5632
5723
5643
5710
5663
5677
5693
5645
5719
5630
5726
5644
5699
5664
5678
5698
5642
5722
5630
5720
5643
5704
5671
5670
5698
5639
5721
5631
5720
5647
5700
5673
5668
5705
5640
5725
5634
5718
5650
5700
5680
5660
5708
5641
5725
5638
5716
5647
5696
5684
5661
5705
5640
5718
5634
5715
5653
5693
5684
5658
5708
5635
5722
5637
5708
5657
5681
5687
5652
5717
5630
5723
5645
5707
5663
5683
5692
5646
5713
5627
5722
5638
5708
5669
5675
5699
5644
5715
5631
5721
5643
5701
5664
5674
5695
5642
5718
5629
5716
5643
5700
5670
5669
5695
5636
5726
5632
5714
5654
5690
5671
5664
5700
5641
5723
5629
5710
5649
5690
5677
5659
5702
5631
5721
5633
5709
5646
5690
5680
5651
5710
5630
5723
5632
5713
5654
5687
5682
5654
5710
5631
5716
5635
5713
5654
5686
5689
5650
5710
5632
5714
5639
5703
5657
5677
5690
5647
5717
5629
5723
5640
5702
5657
5674
5694
5638
5717
5629
5719
5642
5702
5669
5669
5692
5635
5721
5630
5720
5643
5699
5667
5665
5701
5637
5722
5631
5711
5643
5699
5672
5658
5701
5634
5723
5629
5715
5646
5691
5679
5658
5704
5636
5715
5633
5712
5647
5686
5682
5652
5707
5634
5714
5636
5710
5653
5686
5686
5650
5711
5628
5719
5630
5709
5651
5677
5688
5649
5715
5627
5719
5639
5699
5659
5677
5689
5642
5713
5631
5713
5642
5705
5660
5674
5695
5643
5723
5632
5717
5644
5701
5668
5666
5704
5638
5713
5633
5714
5643
5697
5672
5665
5699
5633
5717
5625
5716
5652
5692
5673
5656
5704
5636
5723
5629
5710
5651
5691
5674
5654
5708
5631
5715
5630
5712
5647
5686
5683
5652
5707
5633
5718
5635
5705
5651
5682
5685
5645
5714
5631
5722
5637
5711
5659
5672
5686
5647
5712
5631
5714
5636
5701
5664
5670
5690
5644
5716
5634
5715
5641
5698
5667
5670
5694
5639
5713
5629
5718
5642
5697
5669
5664
5701
5635
5725
5634
5714
5644
5695
5671
5663
5699
5635
5716
5634
5716
5644
5691
5674
5660
5708
5628
5727
5634
5711
5655
5686
5679
5654
5708
5630
5719
5632
5708
5652
5685
5678
5649
5711
5625
5718
5637
5706
5656
5675
5687
5645
5709
5625
5723
5637
5700
5658
5675
5691
5645
5710
5629
5714
5638
5695
5657
5671
5687
5643
5713
5625
5715
5644
5698
5661
5663
5695
5636
5714
5626
5714
5640
5696
5672
5662
5697
5633
5717
5629
5709
5645
5687
5670
5659
5698
5635
5712
5628
5710
5648
5682
5675
5651
5705
5633
5720
5629
5708
5644
5681
5681
5652
5703
5628
5717
5636
5707
5654
5676
5684
5642
5706
5630
5714
5632
5701
5653
5669
5680
5646
5713
5622
5722
5633
5700
5658
5676
5690
5631
5711
5629
5713
5634
5699
5663
5663
5693
5643
5712
5628
5707
5648
5696
5663
5661
5695
5638
5714
5629
5708
5641
5689
5667
5660
5698
5633
5716
5627
5708
5643
5690
5669
5652
5701
5629
5718
5624
5709
5646
5682
5680
5652
5703
5634
5714
5629
5708
5656
5681
5676
5648
5707
5623
5718
5631
5702
5649
5675
5683
5644
5708
5623
5716
5635
5701
5652
5676
5683
5637
5703
5629
5715
5642
5701
5661
5673
5690
5644
5713
5625
5713
5642
5694
5663
5667
5689
5630
5715
5629
5712
5639
5699
5665
5663
5696
5631
5712
5626
5712
5647
5693
5670
5657
5694
5633
5714
5632
5704
5648
5684
5674
5655
5705
5627
5721
5632
5709
5650
5684
5676
5654
5705
5628
5721
5633
5705
5653
5677
5682
5648
5707
5626
5716
5635
5702
5647
5674
5683
5645
5707
5626
5721
5633
5698
5655
5667
5693
5635
5710
5627
5715
5640
5698
5661
5670
5690
5637
5712
5626
5715
5642
5690
5662
5664
5691
5635
5720
5622
5711
5641
5691
5665
5657
5701
5636
5715
5626
5705
5646
5691
5664
5654
5702
5628
5715
5631
5707
5644
5687
5681
5649
5705
5627
5714
5633
5705
5649
5681
5675
5646
5704
5633
5714
5634
5704
5655
5678
5680
5644
5710
5631
5712
5632
5700
5656
5671
5686
5638
5709
5624
5711
5635
5694
5657
5672
5693
5639
5706
5623
5716
5642
5699
5660
5666
5694
5636
5711
5629
5707
5639
5688
5669
5663
5694
5633
5720
5624
5710
5642
5689
5666
5655
5700
5628
5716
5630
5709
5643
5688
5673
5657
5701
5629
5713
5633
5706
5656
5680
5671
5645
5703
5630
5717
5632
5707
5648
5678
5682
5647
5707
5629
5713
5628
5694
5650
5675
5684
5643
5710
5623
5715
5634
5699
5657
5666
5687
5638
5714
5626
5713
5633
5698
5661
5663
5691
5630
5706
5625
5712
5637
5696
5664
5665
5695
5631
5711
5624
5709
5637
5691
5666
5657
5698
5626
5718
5625
5709
5642
5686
5668
5652
5697
5627
5714
5630
5702
5647
5681
5672
5645
5706
5627
5717
5631
5701
5644
5676
5684
5651
5703
5628
5715
5633
5698
5654
5677
5685
5641
5707
5629
5714
5633
5701
5656
5670
5683
5639
5708
5626
5707
5639
5695
5662
5665
5687
5640
5715
5627
5712
5639
5689
5662
5667
5690
5632
5711
5625
5709
5640
5693
5666
5660
5693
5633
5714
5625
5710
5640
5686
5672
5653
5695
5634
5713
5626
5702
5642
5682
5673
5648
5701
5623
5716
5627
5705
5643
5681
5673
5649
5706
5622
5717
5632
5701
5644
5681
5673
5644
5710
5625
5718
5629
5699
5654
5679
5674
5639
5707
5626
5710
5628
5696
5656
5665
5687
5639
5711
5626
5707
5637
5692
5663
5662
5691
5631
5709
5620
5705
5640
5695
5663
5655
5695
5629
5711
5626
5704
5642
5686
5667
5657
5699
5629
5712
5632
5706
5644
5683
5671
5655
5696
5628
5714
5626
5706
5642
5679
5671
5645
5702
5627
5712
5623
5704
5648
5677
5680
5646
5701
5619
5718
5633
5697
5649
5673
5680
5642
5706
5620
5710
5635
5699
5651
5671
5682
5636
5701
5624
5714
5638
5692
5658
5671
5686
5631
5710
5622
5712
5636
5695
5661
5662
5693
5632
5711
5619
5708
5639
5688
5664
5660
5686
5632
5715
5623
5700
5639
5685
5670
5651
5696
5631
5714
5627
5706
5645
5684
5669
5654
5705
5624
5719
5628
5698
5648
5679
5673
5646
5703
5628
5712
5630
5701
5652
5677
5679
5644
5706
5626
5713
5629
5695
5655
5675
5688
5636
5707
5621
5715
5632
5692
5649
5671
5686
5636
5710
5624
5711
5634
5695
5662
5658
5688
5631
5708
5621
5707
5633
5685
5664
5659
5693
5627
5712
5623
5708
5641
5684
5668
5652
5691
5627
5716
5626
5701
5641
5686
5669
5652
5698
5629
5713
5622
5706
5641
5677
5667
5649
5697
5623
5707
5632
5700
5644
5681
5675
5642
5703
5622
5714
5629
5700
5647
5670
5680
5638
5712
5625
5710
5632
5699
5651
5674
5683
5631
5704
5626
5709
5635
5697
5654
5657
5690
5630
5710
5623
5711
5638
5692
5660
5653
5687
5629
5710
5620
5707
5644
5694
5672
5652
5692
5630
5709
5626
5703
5637
5688
5667
5649
5700
5628
5706
5627
5705
5642
5679
5673
5647
5709
5621
5717
5628
5703
5647
5675
5677
5645
5699
5627
5715
5634
5695
5648
5679
5686
5636
5707
5629
5713
5628
5698
5652
5667
5686
5642
5700
5619
5712
5629
5694
5659
5660
5688
5634
5708
5622
5710
5640
5690
5662
5657
5689
5631
5708
5624
5710
5640
5689
5664
5658
5687
5628
5704
5631
5705
5640
5684
5671
5651
5694
5622
5711
5627
5701
5644
5684
5673
5651
5700
5628
5709
5620
5704
5646
5678
5678
5644
5703
5626
5709
5629
5698
5648
5672
5678
5638
5698
5623
5713
5630
5697
5655
5671
5680
5641
5705
5623
5712
5635
5695
5648
5664
5682
5633
5707
5621
5710
5628
5692
5656
5667
5686
5632
5707
5626
5708
5636
5689
5658
5659
5687
5630
5705
5624
5708
5638
5679
5662
5655
5693
5622
5709
5621
5701
5643
5680
5664
5650
5698
5626
5712
5618
5704
5644
5681
5669
5644
5704
5620
5711
5625
5704
5647
5675
5676
5644
5703
5624
5707
5634
5697
5649
5666
5681
5639
5707
5629
5714
5631
5699
5654
5669
5683
5636
5704
5619
5708
5635
5694
5654
5661
5686
5628
5708
5618
5709
5636
5690
5654
5652
5685
5628
5707
5615
5702
5635
5686
5652
5646
5691
5621
5705
5621
5700
5627
5679
5664
5642
5692
5621
5706
5622
5700
5640
5677
5671
5645
5697
5626
5709
5625
5699
5644
5680
5675
5643
5704
5629
5706
5630
5699
5651
5664
5683
5642
5704
5626
5712
5630
5692
5648
5674
5684
5641
5706
5628
5707
5637
5691
5658
5668
5686
5637
5707
5621
5708
5634
5689
5664
5661
5686
5631
5708
5622
5709
5633
5689
5663
5655
5691
5625
5708
5621
5710
5634
5687
5663
5650
5692
5626
5714
5617
5705
5638
5673
5664
5639
5692
5612
5705
5615
5693
5632
5670
5657
5628
5698
5604
5703
5612
5688
5631
5656
5662
5623
5696
5604
5698
5610
5686
5632
5649
5661
5610
5690
5593
5695
5604
5672
5630
5642
5660
5605
5693
5585
5688
5598
5670
5625
5631
5666
5596
5691
5579
5688
5591
5661
5626
5617
5662
5582
5678
5575
5673
5588
5644
5621
5600
5654
5566
5661
5562
5652
5577
5623
5611
5576
5643
5550
5653
5553
5643
5576
5606
5613
5568
5639
5541
5645
5546
5632
5572
5602
5606
5557
5640
5537
5643
5541
5625
5570
5586
5610
5555
5629
5532
5637
5540
5616
5566
5580
5602
5537
5626
5527
5620
5534
5606
5559
5563
5600
5528
5626
5520
5619
5530
5591
5571
5552
5602
5520
5621
5512
5614
5532
5588
5567
5551
5593
5512
5618
5509
5606
5526
5577
5569
5535
5598
5505
5590
5532
5555
5528
5534
5505
5530
5491
5522
5494
5507
5500
5494
5509
5479
5518
