22026
21610
21277
22078
20755
22206
20553
22215
21003
21898
21529
21409
22086
20637
22144
20309
22395
20781
21956
21347
21541
22121
20997
22293
20517
22158
20543
22115
21450
21481
22041
20899
22228
20639
22268
20664
22146
21248
21696
21970
21057
22110
20530
22204
20741
22054
21224
21643
21990
20940
22234
20815
22270
20448
22058
21117
21822
21710
21138
22241
20630
22333
20742
22047
20982
21771
21581
21241
22268
20773
22181
20498
22105
21128
21900
21668
21445
22163
20649
22268
20620
22188
20970
21765
21455
21316
22134
20646
22385
20545
22262
21084
21898
21501
21135
22091
20733
22266
20750
22315
20955
22083
21361
21262
22031
20811
22334
20458
22345
20623
21958
21415
21420
22067
20857
22181
20561
22357
20731
22024
21294
21651
22023
20833
22306
20384
22270
20957
22079
21301
21631
21915
20875
22265
20616
22197
20483
22165
21104
21987
21901
21016
22372
20683
22306
20519
22051
21271
21685
21902
21130
22181
20771
22294
20780
22223
21140
21742
21679
21271
22153
20596
22367
20545
22117
21018
21836
21700
21009
22117
20612
22293
20526
22163
21094
22021
21628
21392
22080
20701
22213
20474
22275
20905
21901
21417
21449
21932
20730
22249
20596
22155
20852
22029
21404
21288
22073
20837
22257
20742
22221
20858
22030
21435
21559
21967
20828
22335
20861
22245
20914
22039
21325
21671
21947
21094
22193
20635
22247
20761
22170
21257
21680
21728
21011
22193
20558
22284
20657
22023
21094
21834
21841
21105
22185
20812
22182
20597
22121
21129
21666
21693
21276
22187
20725
22316
20685
22232
21066
21705
21536
21113
22112
20675
22256
20637
22242
21044
21849
21482
21248
22099
20569
22313
20691
22206
20961
21846
21501
21359
22010
20848
22261
20363
22382
20763
21950
21483
21430
22070
20644
22259
20840
22158
20723
21984
21316
21383
21939
20964
22211
20595
22248
20865
22090
21405
21647
21881
21035
22246
20376
22270
20784
22034
21127
21558
21949
20992
22246
20670
22220
20595
22019
21178
21623
21867
21096
22265
20803
22313
20656
22191
21123
21734
21794
21034
22162
20735
22360
20663
22134
21204
21827
21718
21307
22190
20458
22327
20612
22241
21045
22002
21671
21224
22090
20680
22287
20421
22193
20915
21816
21496
21318
22158
20911
22219
20744
22230
20903
22046
21551
21353
21913
20814
22296
20356
22262
20935
21995
21485
21557
21895
20904
22320
20836
22345
20693
22035
21322
21650
22057
20871
22278
20638
22268
20762
22010
21163
21714
21914
21010
22240
20613
22375
20583
22066
21250
21502
21932
21004
22230
20540
22356
20685
22006
21263
21548
21751
21182
22230
20810
22212
20648
22206
21108
21681
21753
21294
22122
20729
22330
20727
22155
20966
21799
21602
21196
22039
20653
22204
20685
22157
20996
21898
21499
21432
22006
20727
22399
20403
22195
20970
21904
21545
21417
22072
20876
22271
20397
22259
20763
21967
21407
21630
22083
20907
22271
20772
22217
20836
22046
21262
21472
21993
20859
22240
20523
22195
20681
22016
21269
21621
22006
21014
22287
20535
22129
20902
21950
21238
21648
21926
21047
22304
20638
22371
20573
22032
21103
21787
21879
21119
22194
20662
22216
20694
22086
21207
21844
21645
21059
22169
20483
22304
20597
22072
21052
21730
21549
21438
22275
20621
22363
20701
22167
21001
21886
21549
21257
22131
20693
22303
20549
22059
21006
21933
21507
21388
21957
20994
22288
20700
22198
20970
22118
21402
21514
22101
20969
22382
20516
22280
20885
22025
21414
21515
21915
20650
22126
20544
22244
20694
22145
21431
21597
21930
20859
22293
20399
22401
20760
22044
21335
21540
21955
21166
22162
20611
22254
20642
22161
21164
21759
21786
20999
22306
20671
22311
20736
22061
21180
21720
21786
21177
22108
20460
22287
20541
22121
21177
21771
21683
21151
22161
20429
22307
20829
22216
21044
21768
21612
21318
22117
20839
22330
20663
22149
21068
21920
21669
21272
22207
20731
22244
20753
22132
20966
21840
21544
21123
22151
20885
22266
20543
22259
20839
21815
21435
21528
22117
20894
22233
20558
22251
20673
21904
21395
21629
21911
20864
22115
20445
22231
20806
22056
21321
21641
21877
21089
22262
20530
22280
20728
22047
21000
21663
21839
20837
22345
20455
22347
20611
22097
21079
21587
21762
20925
22183
20894
22321
20497
22110
20961
21666
21709
21054
22165
20489
22318
20474
22227
21139
21781
21743
21344
22185
20527
22239
20422
22204
20959
21783
21546
21460
22053
20653
22300
20607
22163
20992
22029
21494
21397
22053
20933
22330
20744
22210
21025
22013
21482
21294
22102
20855
22290
20528
22304
20744
21870
21409
21499
21931
20858
22358
20466
22240
20683
22089
21228
21557
22046
20965
22221
20704
22308
20902
22035
21319
21636
21988
20921
22184
20462
22275
20579
22018
21018
21578
21846
21006
22234
20714
22206
20485
22101
21098
21822
21776
21038
22131
20760
22234
20630
22132
21112
21671
21818
21049
22164
20742
22308
20583
22186
21104
21983
21680
21155
22125
20767
22189
20609
22269
21108
21855
21472
21334
22091
20718
22212
20517
22197
21053
21893
21500
21492
21999
20834
22293
20574
22235
20934
21999
21369
21491
22033
20903
22339
20631
22273
20812
21903
21321
21472
22000
20864
22317
20377
22175
20612
21991
21279
21464
22000
20878
22359
20601
22209
20796
22032
21246
21703
21936
21134
22209
20763
22294
20613
22080
21124
21801
21719
21148
22193
20551
22304
20641
22164
21311
21693
21732
21092
22305
20693
22239
20573
22040
20855
21763
21528
21215
22142
20749
22296
20652
22261
20972
21889
21552
21382
22120
20648
22238
20416
22258
20953
21843
21516
21420
22041
20814
22290
20535
22137
20877
21815
21507
21394
22125
20759
22225
20758
22169
20723
21978
21356
21652
21999
20825
22237
20481
22241
20765
21975
21302
21460
21994
20980
22290
20472
22272
20462
21977
21264
21668
21871
20784
22141
20522
22170
20676
22230
21118
21791
21749
20913
22235
20470
22297
20448
22198
21256
21624
21746
20960
22221
20510
22297
20678
22225
20985
21905
21814
21168
22188
20684
22347
20705
22281
21112
21891
21616
21273
22206
20736
22430
20434
22198
21007
21867
21657
21353
22168
20609
22338
20416
22135
20816
21827
21545
21387
22151
20704
22357
20596
22189
20920
21955
21396
21595
22080
20611
22329
20596
22253
20781
22007
21464
21449
22066
20729
22355
20349
22182
21099
22251
21614
21750
22201
21266
22294
21097
22346
20904
22118
21319
21471
21950
20950
22309
20443
22429
20745
22060
21255
21603
21923
21143
22250
20819
22191
20696
