24324
24533
24526
24519
24537
24516
24540
24512
24541
24516
24534
24520
24524
24530
24519
24538
24512
24539
24515
24534
24524
24524
24533
24521
24537
24519
24537
24516
24532
24522
24526
24535
24522
24541
24519
24539
24521
24527
24525
24529
24529
24525
24537
24520
24536
24520
24537
24522
24531
24529
24523
24534
24519
24544
24521
24538
24522
24526
24532
24520
24533
24519
24539
24521
24533
24526
24535
24526
24520
24531
24518
24539
24520
24536
24517
24530
24528
24517
24535
24519
24539
24518
24538
24515
24533
24524
24526
24528
24522
24538
24522
24541
24523
24530
24524
24527
24531
24516
24539
24516
24536
24520
24533
24520
24522
24528
24523
24539
24519
24542
24519
24537
24523
24524
24527
24517
24531
24517
24539
24520
24531
24527
24526
24532
24519
24534
24515
24545
24515
24537
24519
24528
24524
24523
24539
24520
24538
24521
24531
24521
24529
24530
24521
24532
24520
24538
24514
24538
24518
24531
24531
24521
24532
24519
24542
24520
24537
24521
24529
24528
24521
24535
24517
24538
24520
24539
24523
24530
24527
24522
24533
24523
24543
24515
24535
24520
24529
24530
24530
24532
24522
24536
24521
24537
24521
24534
24529
24527
24534
24520
24540
24518
24542
24517
24539
24519
24524
24535
24522
24549
24521
24540
24522
24542
24523
24524
24531
24515
24535
24521
24539
24515
24534
24524
24530
24528
24514
24535
24517
24539
24518
24539
24520
24530
24524
24526
24537
24519
24532
24517
24538
24522
24533
24528
24523
24532
24517
24537
24516
24543
24519
24531
24521
24524
24531
24517
24538
24520
24538
24518
24532
24518
24525
24534
24521
24544
24519
24543
24521
24537
24522
24525
24531
24524
24537
24510
24536
24522
24531
24518
24526
24522
24519
24532
24510
24538
24516
24529
24520
24522
24524
24522
24542
24520
24536
24518
24543
24524
24524
24531
24516
24534
24518
24542
24516
24541
24525
24530
24523
24519
24544
24519
24536
24515
24542
24525
24526
24525
24519
24528
24517
24535
24523
24539
24523
24536
24527
24516
24536
24520
24543
24516
24538
24515
24535
24521
24519
24534
24525
24539
24514
24541
24516
24532
24520
24525
24533
24522
24538
24519
24537
24520
24534
24523
24528
24529
24514
24539
24523
24537
24519
24538
24529
24525
24532
24523
24540
24516
24540
24521
24537
24522
24528
24531
24523
24542
24522
24537
24514
24534
24523
24534
24529
24516
24543
24515
24538
24512
24535
24523
24535
24525
24525
24535
24524
24538
24514
24539
24521
24531
24525
24522
24536
24520
24538
24519
24537
24521
24531
24524
24524
24533
24518
24536
24517
24541
24522
24531
24525
24526
24537
24522
24540
24521
24537
24517
24532
24524
24526
24526
24522
24546
24515
24541
24519
24533
24522
24526
24536
24519
24547
24520
24541
24520
24537
24525
24527
24529
24518
24539
24518
24542
24524
24535
24522
24531
24529
24519
24531
24518
24543
24516
24534
24524
24525
24529
24518
24535
24517
24545
24517
24540
24521
24532
24528
24523
24539
24515
24542
24522
24542
24524
24535
24524
24521
24535
24519
24539
24517
24539
24516
24531
24522
24525
24529
24525
24542
24516
24537
24523
24533
24526
24525
24528
24518
24539
24518
24531
24517
24538
24524
24527
24531
24521
24542
24516
24541
24522
24539
24522
24521
24533
24521
24531
24512
24544
24519
24537
24524
24531
24529
24523
24542
24520
24540
24520
24536
24520
24527
24531
24527
24539
24524
24539
24519
24532
24517
24527
24528
24523
24536
24523
24540
24516
24534
24519
24531
24523
24520
24532
24524
24545
24516
24536
24520
24532
24524
24520
24534
24518
24538
24519
24541
24517
24535
24526
24523
24531
24518
24538
24520
24545
24517
24536
24525
24522
24533
24517
24532
24516
24543
24518
24531
24519
24522
24528
24517
24538
24517
24541
24518
24532
24523
24525
24530
24519
24536
24517
24542
24520
24533
24527
24530
24529
24525
24535
24522
24539
24519
24542
24520
24534
24530
24522
24532
24521
24546
24523
24537
24521
24534
24532
24521
24535
24519
24534
24523
24529
24516
24529
24524
24521
24534
24519
24541
24518
24541
24521
24537
24528
24523
24539
24522
24543
24520
24540
24522
24532
24520
24528
24529
24519
24532
24514
24538
24520
24535
24523
24527
24531
24516
24535
24519
24541
24520
24531
24521
24528
24534
24522
24539
24517
24535
24519
24540
24522
24531
24525
24524
24531
24518
24540
24526
24535
24521
24532
24526
24519
24541
24515
24537
24515
24538
24521
24529
24529
24523
24533
24518
24539
24516
24540
24520
24527
24529
24523
24539
24525
24539
24521
24537
24517
24529
24525
24520
24537
24516
24537
24513
24538
24523
24533
24525
24522
24537
24517
24535
24521
24530
24520
24532
24519
24527
24531
24524
24535
24515
24535
24520
24533
24522
24529
24536
24524
24536
24517
24544
24521
24534
24522
24531
24530
24519
24541
24519
24537
24521
24541
24518
24530
24529
24519
24541
24518
24539
24520
24539
24520
24535
24522
24519
24534
24520
24546
24521
24532
24524
24533
24526
24527
24534
24514
24540
24516
24537
24516
24529
24524
24523
24537
24521
24541
24516
24533
24523
24538
24531
24520
24530
24519
24543
24524
24536
24511
24535
24522
24527
24532
24516
24539
24514
24541
24517
24533
24526
24528
24530
24515
24540
24518
24542
24524
24530
24521
24526
24533
24523
24538
24516
24540
24523
24534
24518
24529
24533
24519
24536
24516
24534
24518
24533
24520
24530
24527
24524
24544
24520
24539
24518
24535
24523
24526
24524
24518
24534
24519
24542
24520
24533
24522
24523
24531
24523
24528
24515
24536
24517
24538
24515
24530
24521
24521
24530
24517
24541
24520
24539
24522
24533
24525
24521
24526
24516
24537
24518
24541
24517
24529
24519
24528
24531
24516
24541
24515
24542
24525
24527
24521
24526
24534
24519
24539
24514
24545
24519
24536
24519
24528
24530
24519
24537
24516
24535
24521
24536
24528
24525
24530
24519
24531
24515
24537
24516
24535
24525
24532
24527
24516
24541
24521
24539
24518
24535
24518
24531
24533
24525
24537
24521
24544
24518
24536
24522
24528
24525
24523
24541
24519
24536
24515
24533
24517
24529
24525
24525
24535
24517
24537
24517
24539
24517
24533
24523
24529
24536
24519
24540
24519
24538
24525
24533
24528
24523
24530
24518
24538
24516
24537
24525
24529
24521
24524
24531
24515
24534
24522
24540
24518
24535
24521
24528
24529
24514
24537
24516
24537
24517
24537
24516
24528
24527
24517
24537
24518
24535
24518
24535
24518
24533
24522
24525
24537
24521
24541
24521
24536
24515
24530
24524
24524
24544
24509
24539
24515
24533
24522
24533
24526
24524
24536
24522
24536
24519
24541
24520
24529
24525
24526
24529
24517
24537
24515
24540
24523
24537
24524
24524
24534
24515
24539
24515
24538
24520
24528
24522
24525
24532
24517
24536
24521
24539
24515
24537
24517
24530
24523
24517
24539
24517
24538
24517
24535
24522
24523
24520
24516
24543
24517
24535
24514
24529
24514
24523
24527
24517
24540
24522
24539
24517
24534
24523
24523
24532
24521
24537
24515
24533
24520
24527
24517
24526
24529
24524
24540
24519
24537
24523
24536
24528
24522
24526
24521
24532
24522
24542
24511
24542
24516
24524
24524
24515
24535
24522
24537
24518
24542
24523
24533
24525
24524
24531
24517
24539
24517
24542
24520
24533
24524
24523
24534
24523
24536
24514
24545
24517
24539
24527
24528
24531
24523
24536
24517
24538
24518
24535
24525
24525
24527
24522
24539
24514
24535
24523
24539
24526
24526
