24138
24288
24253
24279
24253
24259
24283
24236
24300
24250
24294
24241
24289
24268
24271
24289
24243
24292
24237
24284
24254
24279
24257
24260
24292
24257
24291
24253
24284
24243
24281
24251
24271
24279
24248
24294
24251
24292
24242
24296
24263
24274
24277
24250
24287
24247
24293
24244
24285
24255
24274
24277
24246
24291
24247
24299
24236
24287
24251
24294
24276
24255
24289
24246
24289
24241
24289
24249
24286
24274
24255
24294
24227
24296
24242
24294
24252
24291
24268
24273
24293
24244
24291
24250
24283
24254
24288
24259
24271
24287
24263
24293
24239
24293
24251
24294
24262
24264
24281
24252
24291
24247
24296
24239
24281
24264
24260
24283
24238
24283
24231
24303
24242
24294
24261
24283
24283
24248
24300
24245
24296
24235
24284
24257
24277
24279
24270
24294
24229
24294
24260
24288
24258
24280
24285
24251
24292
24244
24299
24246
24301
24257
24289
24278
24261
24295
24230
24291
24247
24290
24248
24270
24262
24254
24293
24256
24289
24249
24299
24248
24280
24254
24276
24291
24255
24296
24251
24294
24246
24283
24272
24257
24282
24233
24305
24238
24292
24260
24292
24257
24263
24281
24266
24291
24235
24289
24260
24285
24257
24294
24282
24245
24300
24238
24285
24233
24282
24265
24288
24288
24257
24293
24226
24290
24232
24299
24251
24275
24272
24259
24283
24241
24292
24257
24290
24257
24272
24278
24265
24297
24239
24294
24242
24281
24250
24278
24281
24257
24293
24255
24291
24254
24293
24239
24285
24254
24259
24296
24247
24294
24232
24295
24257
24287
24273
24279
24284
24254
24293
24245
24293
24241
24278
24257
24265
24294
24238
24292
24250
24291
24257
24298
24261
24271
24290
24262
24282
24247
24289
24254
24276
24252
24283
24281
24234
24287
24247
24285
24248
24282
24268
24269
24287
24267
24290
24237
24295
24245
24303
24247
24283
24279
24248
24289
24259
24288
24229
24290
24271
24275
24268
24259
24298
24251
24299
24245
24289
24254
24294
24277
24256
24287
24245
24299
24233
24289
24247
24290
24268
24260
24294
24242
24294
24250
24291
24239
24290
24272
24263
24296
24246
24297
24249
24300
24256
24286
24266
24265
24289
24246
24300
24244
24286
24247
24285
24262
24271
24288
24275
24293
24245
24286
24253
24285
24267
24275
24281
24252
24296
24259
24297
24246
24286
24272
24274
24284
24267
24295
24253
24291
24247
24297
24271
24279
24285
24263
24284
24238
24277
24250
24287
24264
24284
24280
24239
24290
24248
24284
24235
24286
24256
24287
24256
24266
24285
24248
24301
24243
24295
24259
24276
24269
24255
24302
24227
24295
24250
24308
24257
24296
24267
24259
24291
24257
24292
24237
24293
24258
24288
24276
24269
24299
24258
24292
24242
24284
24236
24279
24261
24266
24285
24241
24289
24252
24286
24247
24290
24262
24267
24281
24243
24287
24239
24292
24264
24281
24260
24275
24275
24250
24296
24246
24289
24240
24279
24251
24275
24281
24269
24296
24236
24294
24266
24291
24262
24274
24267
24256
24285
24241
24287
24237
24296
24239
24283
24271
24255
24285
24247
24285
24238
24290
24251
24279
24275
24264
24291
24250
24294
24244
24298
24244
24283
24272
24287
24280
24243
24289
24255
24294
24245
24295
24269
24257
24284
24251
24292
24243
24288
24252
24289
24266
24279
24290
24274
24295
24234
24294
24257
24290
24258
24280
24285
24256
24291
24240
24300
24240
24288
24262
24292
24287
24247
24296
24252
24293
24236
24303
24258
24266
24278
24249
24291
24250
24288
24264
24294
24260
24284
24274
24268
24287
24240
24306
24247
24294
24260
24291
24270
24263
24282
24250
24303
24242
24300
24247
24283
24279
24283
24290
24245
24296
24244
24296
24241
24280
24268
24282
24285
24239
24288
24253
24300
24255
24296
24256
24269
24290
24247
24290
24245
24295
24259
24286
24260
24271
24280
24270
24294
24255
24300
24249
24291
24259
24289
24285
24242
24287
24249
24299
24249
24286
24254
24271
24274
24258
24296
24255
24291
24253
24293
24263
24278
24269
24278
24293
24247
24294
24243
24293
24261
24283
24276
24254
24288
24256
24295
24246
24295
24243
24296
24269
24260
24286
24263
24288
24251
24289
24256
24290
24265
24263
24296
24251
24300
24241
24300
24251
24288
24263
24280
24281
24235
24290
24247
24295
24244
24293
24272
24272
24293
24253
24291
24241
24285
24242
24285
24267
24284
24277
24272
24301
24257
24292
24245
24286
24261
24286
24281
24256
24302
24247
24289
24238
24292
24266
24280
24290
24250
24298
24243
24289
24251
24294
24256
24284
24261
24264
24292
24238
24297
24242
24290
24254
24283
24263
24252
24289
24241
24295
24231
24292
24259
24288
24274
24272
24288
24267
24285
24247
24292
24244
24282
24267
24258
24297
24250
24296
24255
24300
24255
24286
24267
24279
24288
24247
24290
24236
24296
24232
24274
24277
24260
24283
24252
24296
24250
24293
24255
24299
24255
24277
24284
24260
24289
24249
24292
24254
24291
24246
24285
24279
24252
24293
24244
24296
24244
24294
24264
24287
24278
24257
24299
24245
24294
24246
24287
24259
24280
24271
24274
24290
24243
24293
24254
24287
24255
24274
24260
24259
24282
24257
24302
24250
24295
24250
24297
24270
24265
24285
24242
24287
24240
24299
24259
24284
24257
24266
24290
24231
24293
24249
24295
24250
24285
24269
24279
24287
24250
24291
24239
24291
24259
24287
24261
24276
24290
24250
24300
24232
24294
24240
24283
24247
24277
24274
24270
24294
24248
24299
24252
24290
24258
24283
24281
24262
24293
24256
24299
24243
24288
24264
24281
24281
24248
24290
24244
24294
24241
24287
24266
24278
24276
24253
24294
24253
24304
24253
24296
24256
24282
24271
24286
24293
24243
24298
24256
24281
24252
24294
24274
24253
24289
24261
24294
24250
24293
24242
24286
24276
24265
24293
24244
24295
24250
24291
24262
24289
24275
24268
24296
24256
24294
24250
24292
24246
24288
24274
24268
24281
24245
24289
24240
24291
24245
24292
24278
24281
24287
24260
24287
24263
24291
24248
24292
24271
24282
24289
24254
24293
24259
24306
24254
24298
24265
24295
24268
24265
24294
24239
24299
24243
24288
24244
24281
24274
24262
24303
24248
24287
24250
24304
24257
24283
24278
24274
24291
24253
24288
24249
24296
24254
24293
24263
24281
24296
24246
24298
24251
24290
24255
24303
24272
24272
24290
24267
24295
24260
24283
24246
24291
24277
24267
24292
24256
24294
24246
24298
24257
24292
24281
24273
24286
24245
24295
24251
24295
24248
24297
24259
24275
24285
24279
24296
24241
24300
24248
24280
24255
24263
24297
24271
24291
24255
24297
24239
24284
24254
24300
24274
24255
24297
24258
24297
24247
24293
24264
24280
24275
24267
24305
24256
24298
24249
24292
24266
24279
24261
24260
24293
24247
24294
24245
24304
24265
24282
24272
24268
24292
24236
24288
24246
24290
24262
24287
24270
24265
24289
24245
24285
24241
24283
24270
24292
24260
24263
24288
24246
24285
24239
24305
24245
24285
24260
24279
24291
24248
24294
24245
24289
24252
24295
24255
24266
24285
24271
24295
24243
24293
24255
24286
24256
24273
24274
24252
24287
24243
24294
24244
24288
24256
24292
24278
24259
24296
24242
24288
24242
24294
24269
24275
24279
24252
24287
24234
24283
24240
24295
24254
24274
24263
24267
24295
24240
24288
24261
24291
24264
24290
24267
24271
24293
24241
24295
24240
24303
24259
24295
24281
24252
24293
24259
24297
24259
24295
24252
24275
24262
24275
24284
24239
24293
24239
24284
24250
24284
24264
24285
24283
24246
24296
24252
24291
24244
24295
24265
24277
24280
24263
24292
24242
24294
24257
24294
24275
24280
24286
24249
24287
24248
24292
24249
24295
24262
24289
24274
24266
24301
24242
24292
24261
24300
24250
24286
24282
24258
24294
24249
24291
24248
24298
24251
24276
24274
24277
24284
24237
24291
24245
24288
24259
24276
24260
24259
24293
24241
24289
24242
24300
24251
24289
24277
24267
24288
24249
24299
24236
24297
24236
24281
24258
24256
24285
24258
24291
24252
24299
24249
24277
24256
24293
24286
24257
24292
24250
24295
24242
24286
24265
24288
24289
24244
24290
24255
24294
24254
24299
24256
24284
