5681
5033
5865
4912
5922
5145
5567
5452
5172
5824
5054
5825
5028
5686
5217
5642
5512
5220
5815
5155
5889
5043
5793
5120
5483
5510
5218
5766
5148
5842
5033
5861
5271
5442
5689
5177
5763
5187
5871
5146
5804
5312
5458
5674
5040
5858
4941
5878
5186
5778
5417
5304
5667
5036
5832
5088
5893
5139
5639
5413
5379
5767
5103
5839
5051
5820
5293
5659
5534
5244
5762
5124
5896
5032
5909
5153
5553
5660
5213
5764
5064
5879
5118
5759
5239
5449
5719
5059
5887
4971
5911
5083
5736
5204
5485
5625
5131
5735
5045
5931
5153
5737
5247
5405
5667
5191
5803
5060
5973
5169
5819
5415
5314
5706
5160
5772
5048
5897
5167
5634
5365
5360
5803
5118
5841
5085
5921
5160
5672
5484
5357
5753
5033
5928
5161
5688
5184
5529
5478
5303
5731
5120
5831
5025
5789
5258
5532
5453
5257
5876
5087
5851
5088
5781
5323
5415
5552
5222
5875
5082
5860
5157
5820
5380
5384
5658
5040
5850
5070
5844
5081
5764
5386
5302
5696
5154
5787
5106
5903
5113
5669
5385
5457
5572
5109
5827
5085
5831
5126
5616
5375
5332
5815
5214
5868
5115
5852
5290
5650
5511
5261
5712
5104
5819
5098
5789
5169
5543
5457
5274
5814
5166
5868
5120
5786
5229
5520
5603
5182
5844
5134
5877
5139
5748
5248
5501
5670
5127
5784
5126
5726
5095
5739
5311
5448
5678
5088
5864
5128
5909
5168
5714
5295
5333
5714
5109
5744
4971
5846
5215
5715
5425
5376
5725
5152
5813
5161
5865
5184
5646
5402
5226
5736
5187
5826
5042
5774
5228
5628
5535
5279
5676
5089
5780
5114
5725
5206
5532
5606
5256
5798
5112
5890
5134
5923
5200
5497
5581
5226
5853
5112
5870
5173
5797
5277
5421
5649
5197
5716
5151
5886
5125
5850
5306
5482
5745
5177
5776
5016
5708
5069
5678
5386
5421
5627
5246
5911
5083
5848
5083
5654
5547
5395
5760
5081
5837
5084
5920
5178
5612
5458
5183
5817
5094
5791
5059
5875
5287
5683
5547
5141
5755
5068
5906
5042
5804
5247
5546
5615
5208
5722
5061
5796
5081
5752
5344
5451
5627
5208
5819
4987
5839
5242
5702
5313
5436
5619
5143
5857
5134
5934
5081
5797
5372
5452
5701
5141
5711
5087
5795
5157
5635
5416
5386
5731
5050
5778
5171
5830
5196
5646
5502
5244
5664
5096
5868
5249
5873
5247
5625
5489
5235
5706
5181
5869
5062
5850
5230
5572
5585
5291
5703
5106
5868
5084
5825
5373
5464
5574
5129
5862
5044
5946
5087
5771
5347
5516
5667
5151
5806
5039
5744
5086
5714
5329
5291
5639
5081
5850
5111
5950
5094
5647
5413
5369
5578
5192
5858
5086
5821
5157
5737
5471
5374
5764
5128
5837
5205
5799
5189
5735
5459
5361
5753
5055
5791
5029
5813
5212
5710
5481
5175
5749
5074
5839
5108
5877
5234
5592
5497
5199
5832
5021
5739
5075
5760
5194
5631
5616
5178
5840
5018
5824
5079
5716
5270
5455
5689
5131
5821
5052
5915
5096
5608
5324
5397
5660
5135
5693
5106
5912
5140
5717
5410
5431
5762
5180
5865
5140
5931
5142
5645
5426
5286
5757
5125
5732
5018
5811
5226
5571
5422
5356
5774
5192
5879
5105
5784
5243
5598
5492
5216
5745
5177
5934
5143
5713
5144
5556
5526
5258
5862
5001
5855
5122
5657
5314
5460
5616
5180
5758
5153
5872
5141
5682
5358
5387
5675
5069
5799
5079
5810
5114
5656
5334
5378
5735
5075
5833
5110
5918
5157
5704
5417
5376
5820
5085
5844
5138
5855
5143
5690
5396
5275
5706
5248
5814
5024
5798
5214
5525
5435
5238
5820
5138
5810
5081
5761
5201
5427
5565
5266
5765
5194
5887
5067
5792
5252
5486
5573
5205
5850
5078
5828
5093
5730
5321
5537
5589
5102
5773
5117
5804
5217
5689
5396
5461
5683
5211
5731
5117
5810
5184
5652
5480
5363
5721
5164
5765
5142
5785
5166
5718
5398
5290
5804
5068
5900
5138
5731
5189
5610
5509
5193
5698
5072
5804
5121
5778
5184
5560
5618
5312
5850
5073
5811
5162
5865
5175
5545
5614
5135
5781
5077
5788
5103
5770
5228
5434
5588
5159
5767
5012
5869
5080
5777
5329
5438
5703
5154
5738
4997
5926
5096
5716
5329
5346
5793
5147
5823
5050
5793
5103
5697
5447
5328
5657
5266
5924
4936
5904
5019
5624
5526
5360
5706
5117
5788
5018
5786
5294
5551
5552
5206
5748
5067
5780
5081
5774
5249
5590
5556
5247
5813
5109
5706
5229
5706
5237
5580
5455
5145
5832
5151
5791
5069
5704
5326
5421
5672
5091
5871
5065
5816
5091
5788
5330
5299
5716
5172
5739
5092
5836
5098
5627
5456
5297
5700
5200
5733
5097
5664
5106
5668
5508
5309
5767
5140
5878
5137
5776
5165
5570
5480
5139
5758
5112
5831
5139
5637
5253
5516
5581
5264
5667
5140
5832
5133
5722
5218
5497
5542
5188
5830
5195
5864
5013
5738
5233
5491
5647
5253
5703
5125
5805
5033
5720
5329
5361
5691
5150
5758
5058
5661
5069
5662
5365
5415
5670
5185
5731
5079
5840
5247
5628
5446
5295
5743
5016
5907
5040
5741
5142
5603
5500
5371
5780
5138
5849
5011
5739
5243
5718
5526
5252
5784
5089
5799
5174
5844
5271
5555
5444
5222
5772
5029
5862
5021
5821
5377
5417
5568
5121
5878
5128
5876
5064
5801
5281
5458
5664
5158
5737
5059
5789
5192
5616
5262
5442
5613
5162
5888
5057
5835
5173
5737
5346
5327
5659
5123
5920
5038
5838
5218
5623
5476
5328
5616
5111
5810
5163
5857
5255
5689
5480
5257
5919
5054
5874
5041
5788
5179
5516
5479
5149
5820
5023
5878
5078
5734
5249
5504
5624
5158
5816
5038
5954
5038
5791
5256
5506
5543
5014
5878
4966
5993
5081
5846
5248
5564
5607
5027
5840
5058
5765
5075
5703
5253
5296
5763
5113
5944
4988
5986
4969
5769
5353
5277
5842
5069
5789
5077
5828
5162
5789
5495
5333
5762
4943
5891
4979
5781
5073
5565
5540
5244
5715
4944
5797
5024
5882
5159
5655
5447
5154
5857
5010
5805
5018
5787
5137
5480
5680
5096
5889
5078
5861
5015
5768
5314
5349
5689
5022
5871
5008
5882
5122
5829
5252
5275
5703
5129
5711
5021
5878
5090
5756
5343
5273
5687
5057
5853
5036
5913
5002
5688
5243
5294
5741
5079
5958
4986
5885
5154
5565
5374
5252
5779
5105
5816
4992
5827
5181
5533
5497
5137
5836
5100
5729
5132
5687
5104
5569
5633
5158
5764
5023
5876
5034
5863
5219
5461
5604
5158
5813
4870
5902
5072
5808
5269
5405
5734
5086
5881
5016
5938
4960
5704
5391
5264
5649
5163
5911
5020
5841
5086
5743
5413
5268
5814
5089
5821
4958
5881
5192
5645
5398
5285
5826
4924
5899
5068
5878
5123
5569
5484
5193
5684
5136
5996
4987
5795
5132
5644
5443
5122
5759
5101
5812
4955
5836
5221
5478
5499
5201
5724
5005
5836
4948
5844
5263
5546
5552
5045
5901
5023
5860
5074
5781
5291
5455
5614
4980
5888
5044
5903
4998
5747
5269
5320
5627
5012
5868
4933
5972
5083
5790
5314
5234
5720
4978
5922
5090
5766
5035
5654
5498
5247
5727
4976
5849
4901
5924
5120
5667
5393
5197
5688
5018
5901
5051
5775
5262
5491
5543
5233
5824
5059
5897
4915
5837
5217
5435
5570
5105
5799
4990
5844
4967
5804
5199
5505
5677
5075
5899
4982
5850
5031
5739
5287
5406
5702
5106
5835
4971
5890
5002
5696
5347
5259
5694
4985
5926
5026
5944
5020
5717
5432
5223
5757
5090
5878
4975
5894
5223
5588
5478
5267
5817
5000
5836
5013
5816
5157
5505
5510
