5865
5922
5872
5904
5899
5878
5929
5858
5948
5861
5935
5881
5914
5908
5887
5937
5869
5949
5866
5948
5887
5925
5915
5895
5937
5877
5954
5877
5949
5894
5922
5921
5892
5945
5881
5951
5883
5943
5899
5920
5929
5891
5955
5883
5964
5884
5942
5907
5918
5939
5894
5961
5884
5961
5893
5946
5921
5914
5947
5892
5966
5880
5959
5906
5942
5928
5916
5959
5889
5971
5888
5961
5908
5936
5949
5913
5970
5890
5979
5900
5962
5927
5940
5959
5908
5981
5895
5988
5903
5971
5935
5942
5974
5905
5996
5896
5994
5922
5972
5949
5936
5989
5913
6004
5903
5995
5924
5967
5955
5938
5991
5909
6007
5904
6000
5927
5964
5964
5939
5993
5901
6008
5908
5992
5928
5960
5966
5927
6006
5902
6007
5907
5991
5932
5964
5976
5929
6002
5903
6009
5911
5987
5942
5956
5977
5924
6007
5897
6004
5913
5985
5943
5948
5981
5915
6010
5897
6002
5915
5981
5946
5949
5985
5921
6008
5901
6003
5918
5978
5951
5941
5987
5911
6011
5903
6002
5930
5974
5961
5939
5994
5905
6011
5903
5998
5930
5972
5965
5935
5998
5909
6017
5911
5997
5930
5965
5972
5931
6003
5901
6011
5906
5996
5936
5962
5970
5925
6007
5902
6011
5911
5994
5938
5965
5978
5929
6006
5903
6006
5910
5989
5945
5957
5983
5921
6008
5906
6011
5914
5985
5946
5947
5986
5914
6011
5903
6011
5918
5982
5948
5945
5987
5918
6006
5900
6005
5920
5974
5954
5941
5995
5915
6009
5903
6007
5924
5981
5955
5937
6001
5908
6008
5903
6000
5929
5974
5964
5931
6000
5907
6013
5908
5997
5928
5968
5973
5927
6008
5910
6014
5912
5994
5933
5962
5972
5926
6009
5902
6011
5914
5989
5940
5954
5983
5921
6007
5898
6012
5911
5986
5940
5955
5979
5922
6003
5904
6006
5917
5987
5954
5950
5992
5913
6012
5898
6007
5921
5980
5954
5950
5988
5910
6015
5903
6003
5925
5980
5956
5945
5995
5906
6017
5903
6000
5926
5983
5959
5941
5998
5913
6009
5906
6004
5926
5974
5968
5938
6001
5898
6015
5909
5996
5932
5974
5971
5930
6001
5903
6011
5909
5994
5943
5958
5970
5924
6006
5903
6010
5911
5989
5937
5958
5979
5922
6008
5902
6007
5916
5989
5936
5957
5982
5913
6005
5905
6009
5915
5988
5942
5957
5987
5916
6013
5905
6004
5922
5980
5948
5938
5988
5913
6007
5900
6004
5920
5974
5953
5936
5992
5907
6014
5906
6002
5920
5974
5962
5929
5996
5903
6018
5908
5998
5925
5967
5970
5928
5997
5911
6016
5904
6001
5934
5965
5975
5927
6003
5899
6013
5906
5995
5941
5957
5980
5926
6005
5907
6013
5906
5994
5936
5955
5980
5913
6005
5904
6007
5911
5982
5946
5953
5978
5915
6007
5905
6012
5912
5978
5951
5939
5983
5907
6003
5891
6002
5908
5977
5944
5937
5982
5905
6008
5898
5998
5916
5971
5950
5933
5985
5900
6011
5898
5995
5920
5970
5952
5928
5987
5894
6001
5900
5994
5927
5959
5969
5926
6000
5901
6013
5909
6001
5936
5969
5976
5932
6006
5907
6014
5912
6000
5943
5961
5984
5924
6009
5903
6012
5918
5994
5954
5957
5984
5924
6014
5904
6012
5921
5991
5950
5949
5984
5923
6013
5904
6009
5922
5986
5953
5951
5989
5915
6017
5904
6005
5926
5980
5961
5938
5994
5913
6017
5905
6013
5925
5979
5963
5940
5996
5911
6011
5910
5999
5933
5974
5972
5930
6000
5907
6019
5909
5995
5930
5963
5975
5927
6000
5900
6018
5910
5989
5936
5969
5972
5923
6010
5904
6010
5912
5992
5943
5957
5982
5921
6016
5900
6012
5912
5986
5941
5955
5983
5915
6009
5904
6013
5912
5984
5950
5948
5983
5911
6004
5897
6000
5912
5966
5937
5931
5969
5887
5988
5863
5976
5882
5949
5918
5906
5968
5869
5984
5870
5980
5896
5955
5943
5907
5978
5880
5998
5878
5985
5908
5955
5947
5918
5987
5887
6006
5886
5984
5919
5950
5958
5909
5992
5884
6006
5885
5989
5920
5948
5963
5903
6003
5883
6007
5883
5981
5920
5940
5968
5900
6000
5868
6005
5894
5983
5916
5937
5973
5890
6006
5873
5997
5884
5975
5928
5920
5969
5884
5991
5865
5986
5882
5955
5931
5901
5970
5867
5989
5852
5973
5881
5942
5925
5894
5965
5865
5987
5851
5966
5879
5932
5920
5884
5964
5847
5979
5852
5954
5873
5920
5922
5872
5964
5847
5969
5850
5951
5879
5917
5925
5873
5965
5841
5964
5858
5950
5887
5919
5940
5873
5975
5854
5977
5873
5957
5909
5919
5957
5888
5981
5864
5985
5889
5956
5919
5923
5964
5891
5985
5879
5990
5892
5958
5931
5920
5970
5889
5991
5884
5992
5898
5960
5945
5926
5983
5895
6005
5892
5986
5913
5955
5949
5921
5985
5893
6001
5888
5985
5914
5958
5960
5914
5996
5891
6001
5889
5983
5920
5947
5960
5914
5991
5886
6003
5898
5982
5929
5943
5968
5901
5996
5888
6001
5895
5979
5922
5939
5962
5899
5992
5884
5994
5899
5974
5933
5930
5972
5897
5994
5888
5990
5901
5966
5932
5926
5977
5898
5995
5885
5990
5900
5959
5936
5924
5983
5892
5992
5881
5978
5904
5956
5946
5910
5978
5888
5992
5889
5973
5912
5946
5945
5905
5982
5883
5990
5881
5971
5911
5943
5942
5897
5979
5877
5983
5882
5968
5914
5928
5948
5895
5974
5875
5978
5886
5957
5911
5920
5958
5886
5976
5872
5979
5882
5951
5920
5917
5955
5882
5971
5932
5914
5894
