14574
15984
14641
16076
14690
16301
15159
15809
15849
15073
15985
14686
16042
14541
16379
14877
16088
15790
14993
16058
14586
16183
14609
16352
14853
16035
15747
15216
15873
14612
16101
14462
16251
14796
16127
15583
15224
15893
14702
15998
14456
16186
14712
16053
15473
15463
15848
14820
15993
14736
16149
14700
16218
15348
15534
15905
14740
15987
14578
16035
14648
16151
15231
15593
15874
14903
15926
14720
16158
14624
16185
15239
15749
15916
14952
15900
14611
16124
14580
16187
15062
15883
15860
14861
16022
14562
15974
14696
16177
14944
15976
15753
15153
15984
14775
15992
14536
16283
14816
16119
15671
15193
15939
14733
16138
14503
16159
14718
16074
15558
15341
15932
14646
15963
14655
16195
14689
16255
15412
15582
15870
14663
15926
14626
16068
14675
16225
15179
15567
15979
14735
15981
14430
16067
14635
16156
15158
15677
15904
14881
15982
14726
16139
14563
16221
15058
15799
15804
14960
15906
14550
15990
14596
16118
15009
15883
15726
15124
15844
14669
15996
14631
16160
14904
16029
15596
15256
15790
14703
15945
14611
16210
14864
16085
15474
15425
15904
14769
16026
14400
16180
14729
16177
15423
15647
15892
14846
16113
14694
16310
14611
16264
15186
15782
15949
14892
16138
14553
16280
14598
16334
15144
15794
15955
14863
16043
14683
16063
14599
16289
14989
15779
15910
14962
15990
14679
16131
14442
16434
14896
16023
15771
14945
15877
14632
16125
14551
16067
14893
15979
15713
15215
15939
14806
15937
14488
16198
14873
16081
15595
15352
15907
14872
15855
14549
16084
14706
15943
15473
15523
15927
14804
15967
14702
16047
14791
16205
15281
15728
15965
14830
16053
14647
16265
14628
16237
15091
15871
15885
14806
16131
14583
16261
14672
16311
14962
15816
15802
14988
16040
14774
16186
14637
16329
14912
16103
15731
15091
16014
14651
16296
14517
16295
14843
16113
15652
15194
15979
14737
16122
14504
16358
14706
16114
15600
15313
15948
14649
16054
14513
16047
14754
16205
15416
15429
15911
14654
15999
14543
16147
14573
16188
15274
15631
15868
14751
16065
14574
16185
14545
16114
15195
15666
15969
14690
15920
14575
16035
14608
16239
15149
15602
15921
14868
15927
14730
16068
14600
16137
15101
15783
15868
15005
15928
14665
16024
14571
16242
14856
15906
15775
15118
15960
14665
16058
14597
16087
14949
16051
15577
15358
15930
14856
16063
14708
16174
14803
16234
15539
15558
15916
14859
16080
14582
16355
14671
16144
15343
15701
15874
14591
16076
14624
16155
14568
16239
15168
15826
15887
14648
16050
14646
16257
14660
16401
15026
15885
15926
14803
16030
14571
16209
14542
16318
14955
15810
15885
14875
15873
14665
16082
14554
16089
14912
15935
15793
15108
15929
14725
15955
14493
16315
14851
15978
15611
15121
15904
14773
15824
14563
16137
14769
16097
15575
15272
15824
14663
15906
14586
16169
14693
16179
15454
15502
15845
14707
15949
14643
16334
14531
16103
15241
15479
15868
14690
15944
14525
16012
14667
16310
15188
15715
15902
14851
15995
14670
16243
14477
16240
15090
15845
15916
14887
16051
14673
15980
14551
16181
14909
15941
15730
14960
15997
14685
16070
14449
16307
14919
16054
15693
15101
15854
14729
16074
14444
16235
14759
16104
15587
15231
15901
14796
15968
14525
16254
14800
16138
15454
15483
15892
14833
16018
14544
16113
14747
16251
15332
15618
15891
14697
16025
14611
16132
14595
16046
15213
15652
15923
14874
15954
14651
16179
14737
16190
15063
15642
15855
14889
15945
14695
16027
14592
16199
14942
16003
15848
14963
15921
14680
16040
14486
16337
14845
15916
15775
14946
15902
14574
16083
14513
16132
14881
16157
15708
15198
15969
14749
16104
14549
16110
14666
16182
15492
15442
15902
14676
16040
14445
16269
14681
16273
15382
15516
15806
14763
15997
14576
16183
14625
16283
15242
15686
15958
14782
15996
14472
16132
14623
16124
15194
15903
15954
14903
15858
14576
16136
14515
16333
15062
15906
15837
14878
15936
14681
16151
14667
16248
14944
15916
15770
15167
15889
14640
16013
14627
16263
14872
16124
15625
15301
15835
14777
16071
14559
16221
14655
16191
15481
15353
15906
14679
16057
14567
16290
14608
16136
15363
15521
15864
14604
15968
14643
16173
14628
16018
15196
15645
15826
14589
16037
14610
16065
14681
16236
15204
15705
15949
14935
15916
14681
16004
14583
16224
15155
15750
15775
14928
15933
14569
15954
14587
16209
14982
15807
15846
14960
15980
14609
16102
14443
16355
14899
16037
15702
15108
15997
14676
16140
14432
16228
14756
16160
15586
15216
15995
14682
16150
14499
16133
14686
16220
15515
15437
15924
14824
15921
14660
16247
14640
16203
15299
15537
15900
14779
15961
14550
16036
14570
16076
15244
15656
15952
14902
15953
14622
15975
14732
16262
15093
15818
15938
15060
15954
14670
16039
14612
16310
15094
15844
15898
14966
15892
14632
16176
14471
16183
14962
15997
15737
15192
15919
14605
16239
14640
16245
14849
16012
15586
15353
15874
14639
16124
14584
16350
14733
16266
15457
15468
16029
14695
16158
14531
16308
14601
16196
15328
15523
15902
14632
16030
14582
16149
14720
16358
15281
15626
15978
14758
16098
14738
16132
14650
16241
15163
15817
15977
14809
16016
14484
16145
14695
16351
14968
15879
15754
15000
15999
14750
16327
14515
16206
14968
15928
15772
15163
15967
14480
15934
14537
16244
14854
16061
15671
15126
15879
14726
16022
14669
16288
14778
16187
15591
15243
15947
14746
15906
14530
16080
14737
16165
15460
15459
15843
14707
16016
14579
16022
14746
16145
15355
15460
15826
14765
15912
14702
16049
14622
16098
15186
15820
15866
15003
15965
14728
16153
14618
16411
15086
15924
15887
15029
15997
14500
16233
14633
16335
14894
15902
15805
15033
16069
14708
16092
14579
16249
14907
16075
15738
15202
15993
14664
16103
14690
16444
14766
16095
15628
15349
15951
14745
15980
14472
16202
14738
16250
15492
15429
15981
14746
15956
14604
16145
14681
16109
15388
15564
15894
14780
15962
14521
16070
14701
16138
15225
15766
15954
14851
16013
14530
16161
14624
16240
15066
15655
15932
14861
15884
14613
16006
14625
16243
15141
15730
15863
15073
15861
14741
16096
14647
16220
15035
15958
15741
15142
15950
14659
15924
14634
16303
14941
16088
15639
15421
15982
14893
16013
14648
16340
14726
16146
15551
15396
15932
14791
16078
14540
16165
14774
16216
15435
15691
15915
14821
16058
14686
16298
14596
16173
15258
15859
15927
14627
16103
14579
16198
14675
16464
15046
15751
15882
14707
16105
14603
16214
14468
16269
15112
15736
15903
14898
15995
14550
16116
14610
16259
15070
15906
15813
15116
16033
14777
16072
14597
16303
14963
16256
15777
15222
15906
14766
16050
14590
16345
14822
16109
15529
15436
15912
14654
16100
14529
16202
14663
16098
15498
15622
15904
14870
16073
14585
16226
14668
16161
15276
15594
15773
14823
16006
14619
16017
14592
16272
15216
15807
15954
14747
16101
14652
16245
14518
16143
15194
15889
15977
14785
16089
14594
16183
14539
16240
14918
15942
15835
14965
15980
14588
16126
14499
16380
14737
15985
15631
15051
16015
14523
16129
14357
16278
14798
16108
15655
15121
15937
14534
16132
14519
16459
14586
16195
15444
15408
16023
14563
16098
14420
16305
14597
16177
15327
15454
15977
14570
16136
14475
16153
14593
16304
15200
15697
15955
14649
16080
14645
16177
14536
16226
15136
15732
15933
14799
15959
14554
16032
14665
16310
15095
15828
15875
14938
15963
14549
16024
14509
16250
15003
15926
15830
15056
15843
14737
16041
14503
16149
14857
15980
15782
15181
15998
14800
16089
14637
16307
14824
16176
15571
15454
16015
14794
16166
14545
16257
14774
16399
15391
15611
15943
14721
16015
14563
16274
14500
16189
15229
15807
15864
14870
16052
14569
16246
14637
16289
15172
15961
15902
14988
16084
14749
16253
14637
16279
14993
16017
15865
14984
15894
14657
16155
14474
16212
14903
15852
15783
14886
15947
14757
16007
14582
16127
14757
16032
15643
15108
15867
14642
16031
14649
16297
14723
16057
15540
15368
15864
14594
15991
14495
16164
14720
16130
15489
15450
15802
14660
15940
14613
16201
14695
16137
15359
15569
15910
14850
15967
14562
16146
14694
16323
15159
15774
15912
14905
16027
14619
16257
14570
16394
15108
15814
15886
14956
15958
14597
16185
14475
16128
14965
16033
15809
15137
15991
14636
15965
14554
16300
14862
16147
15611
15225
15931
14656
16142
14507
16240
14711
16268
15548
15303
15790
14659
16136
14510
16207
14568
16078
15505
15488
15911
14609
16112
14647
16326
14544
16114
15264
15749
15910
14696
15950
14557
16291
14642
16191
15163
15843
15939
14828
16067
14560
16277
14676
16292
15041
15868
15938
14859
16030
14601
16128
14602
16325
15055
15894
15908
14973
15920
14698
16098
14590
16320
14812
15951
15773
15089
15927
14680
16047
14505
16208
14871
16080
15701
15232
15971
14763
16047
14568
16240
14740
16231
15576
15343
15889
14718
15962
14675
16370
14676
16151
15428
15458
15958
14690
15999
14527
16205
14721
16167
15388
15546
15856
14827
16015
14620
16129
14616
16170
15236
15725
15934
14805
15972
14671
16145
14684
16197
15106
15745
15923
15030
15995
14734
16096
14644
16282
14996
15940
15810
15072
15919
14683
16005
14453
16174
14772
15730
15640
15087
15930
14420
15984
14488
16153
14791
16120
15485
15225
15801
14659
16049
14467
16184
14620
16190
15470
15266
15898
14604
15954
14546
16017
14633
16125
15331
15490
15854
14759
15854
14771
16070
14639
16191
15206
15614
15937
14756
15889
14597
16008
14589
16127
15106
15706
15824
14931
15829
14706
16031
14613
16129
15055
15832
15793
15074
15857
14570
16018
14495
16262
14879
15871
15680
15195
15895
14640
15972
14425
16061
14823
16022
15560
15252
15820
14616
16025
14606
16179
14759
15992
15429
15488
15815
14753
16003
14509
16165
14617
16023
15211
15546
15829
14649
16042
14553
15984
14581
16083
15213
15696
15886
14734
15981
14578
16127
14531
16221
15005
15803
15811
14990
15878
