15102
15069
15094
14501
15259
14090
15244
14038
15074
14387
15115
15078
14497
15207
14128
15112
14054
15172
14311
15186
14787
14726
15178
14063
15123
13994
15111
14116
15234
14634
14787
15232
14124
15260
14118
15187
13997
15164
14550
14981
15139
14084
15290
14014
15326
13980
15274
14477
14856
15277
14051
15355
14136
15210
13993
15320
14315
15089
15244
14125
15302
14167
15290
14007
15298
14233
15178
15135
14342
15351
14137
15337
14097
15235
14256
15123
15002
14481
15284
13941
15437
14114
15298
14134
15136
14951
14609
15272
13913
15283
14068
15289
14093
15380
14844
14657
15363
14132
15325
14113
15307
14110
15343
14658
14808
15283
14071
15302
13997
15165
14192
15235
14499
14949
15291
14120
15279
14067
15185
14022
15260
14522
14973
15228
14081
15285
14091
15276
14129
15196
14429
15052
15204
14256
15220
14004
15259
14034
15357
14278
15034
15156
14351
15190
13974
15236
14052
15152
14220
15137
15033
14540
15225
13982
15234
13959
15263
14148
15167
14814
14604
15325
13964
15328
14040
15193
14084
15138
14682
14783
15254
13884
15279
14020
15216
13895
15364
14484
14750
15178
14035
15261
14120
15303
14097
15292
14502
15018
15310
14119
15277
14188
15341
14019
15312
14419
15111
15264
14303
15132
13983
15177
14095
15313
14344
15152
15080
14328
15222
14175
15231
13883
15172
14228
15137
14965
14519
15218
13942
15185
14080
15226
14184
15143
14924
14742
15276
14053
15241
14002
15171
14026
15362
14722
14726
15308
14048
15241
14057
15227
14030
15173
14697
14866
15229
13917
15261
13877
15142
14106
15242
14439
14768
15298
14107
15268
14175
15220
14085
15325
14536
14959
15213
14411
15228
14022
15208
14099
15188
14464
15046
15123
14319
15237
13981
15249
14165
15269
14340
15145
15090
14534
15246
14183
15192
14126
15394
14162
15095
14992
14645
15258
14229
15191
14131
15084
14340
15181
14843
14664
15239
14247
15133
14057
15111
14136
15246
14692
14726
15278
13995
15111
14086
15018
13942
15113
14602
14861
15185
14156
15123
13902
15183
14003
15259
14561
14761
15226
14162
15234
13914
15128
13983
15294
14342
15099
15183
14221
15351
14052
15210
13963
15294
14311
15032
15111
14277
15257
14007
15166
14014
15258
14247
15128
15004
14525
15261
13986
15276
14008
15184
14155
15129
14794
14529
15295
13976
15154
14150
15088
14059
15210
14720
14792
15163
14056
15262
14012
15246
14111
15148
14505
14889
15258
14167
15310
14049
15281
14121
15222
14456
14927
15280
14290
15239
13948
15151
14063
15359
14467
14955
15111
14411
15266
14008
15265
14100
15246
14435
14973
15117
14359
15286
14002
15250
13973
15287
14183
15220
15045
14428
15401
14042
15187
14145
15323
14231
15299
14924
14639
15308
14234
15141
13944
15223
14256
15446
14775
14866
15261
14329
15231
14084
15307
14002
15194
14634
14966
15281
14089
15232
13932
15082
13849
15175
14429
14906
15280
14095
15139
14079
15257
14190
15322
14468
14900
15273
14318
15239
14061
15100
14076
15056
14139
14956
15038
14571
15232
14078
15299
13940
15403
14106
15270
14923
14498
15243
13992
15269
13929
15381
14038
15259
14767
14495
15360
13974
15115
14134
15144
14205
15183
14915
14800
15324
14106
15100
14297
15397
14135
15328
14656
14790
15356
14253
15303
14096
15201
13982
15151
14386
14961
15312
14274
15142
13960
15050
13997
15039
14539
15014
15208
14201
15269
14029
15080
14043
15201
14456
14907
15181
14405
15253
14214
15149
13856
15276
14372
15233
15062
14446
15333
13920
15235
14110
15215
14264
15106
14884
14746
15386
14205
15188
14210
15360
14196
15209
14755
14694
15350
14049
15317
13823
15064
14181
15184
14664
14658
15288
14119
15232
14232
15174
14094
15192
14618
14864
15251
14215
15107
14015
15150
13969
15417
14492
14973
15108
14320
15180
14158
15287
14082
15179
14382
14968
15045
14510
15231
13966
15191
14039
15305
14193
15136
14984
14651
15257
14008
15152
14057
15314
14164
15207
14810
14729
15295
14006
15300
14096
15185
14196
15107
14783
14780
15292
14157
15225
14209
15208
14140
15299
14617
14777
15313
14146
15299
14038
15333
14125
15292
14578
14859
15296
14195
15273
14002
15220
13978
15380
14512
14939
15304
14280
15338
14055
15190
14109
15306
14372
15190
15180
14368
15222
14186
15257
13959
15171
14321
15156
15022
14555
15184
14102
15267
14204
15194
14279
15214
14916
14628
15237
14071
15176
14023
15193
14226
15143
14817
14725
15278
14189
15213
14137
15263
14163
15223
14743
14858
15233
14053
15164
13934
15220
13975
15180
14529
14778
15303
14102
15293
14143
15131
14145
15294
14503
14830
15261
14253
15239
14089
15100
13881
15303
14326
14936
15103
14178
15345
13984
15100
14088
15239
14355
14980
15084
14463
15244
13908
15148
13968
15282
14052
15111
15008
14476
15341
14050
15137
14069
14994
14077
15223
14783
14712
15276
14047
15240
14058
15210
14097
15165
14506
14880
15187
13926
15185
14052
15148
14092
15338
14522
14916
15293
14228
15247
14047
15269
14093
15261
14466
14923
15301
14257
15203
13940
15112
14084
15288
14408
14976
15140
14408
15182
13997
15212
13971
15274
14378
14892
15131
14532
15353
14127
15098
14044
15169
14298
15139
15061
14455
15274
14207
15163
13859
15255
14175
15231
14881
14579
15312
13986
15221
13991
15302
14218
15268
14714
14722
15362
14213
15203
13971
15186
14117
15399
14665
14698
15260
14131
15211
14070
15247
14097
15270
14539
14911
15259
14082
15305
14107
15339
13977
15111
14418
14929
15226
14107
15201
14071
15212
14052
15258
14337
14942
15057
14344
15295
14053
15101
13973
15172
14247
15019
15048
14509
15207
13845
15108
13974
15282
14186
15247
14848
14595
15256
14101
15247
14064
15105
14127
15260
14745
14747
15293
14056
15253
14088
15268
14161
15303
14588
14799
15303
13993
15165
14143
15165
14127
15364
14495
14817
15310
14290
15285
14219
15137
13996
15335
14409
14918
15259
14272
15236
13981
15230
14036
15240
14432
15143
15186
14383
15277
13965
15278
14080
15281
14162
15258
15072
14499
15255
14009
15286
14061
15237
14266
15289
14814
14616
15257
14092
15364
14004
15216
14057
15303
14754
14766
15321
14186
15359
14196
15309
14085
15355
14656
14907
15354
14193
15328
14063
15207
13939
15224
14545
14854
15251
14055
15247
13956
15286
14047
15334
14441
14950
15230
14267
15348
13975
15212
14059
15169
14372
14995
15200
14320
15276
13981
15260
13819
15303
14343
15170
15084
14431
15255
13899
15204
13969
15191
14263
15225
14991
14516
15304
13908
15185
14087
15256
14134
15113
14805
14746
15206
14159
15124
14247
15093
14266
15069
14674
14694
15181
14321
15105
14159
15015
14184
15135
14617
14874
15184
14203
15244
14228
15085
14206
15086
14615
14860
15221
14257
15121
14301
15045
14379
15182
