4845
4753
4826
4770
4808
4800
4779
4830
4761
4847
4764
4842
4786
4825
4814
4796
4831
4769
4848
4774
4840
4789
4819
4814
4792
4843
4769
4853
4774
4840
4792
4819
4817
4788
4854
4777
4853
4782
4847
4803
4817
4827
4795
4854
4780
4860
4799
4846
4825
4816
4856
4786
4879
4782
4868
4813
4846
4850
4811
4886
4792
4890
4799
4879
4833
4847
4878
4817
4906
4800
4911
4820
4884
4861
4851
4908
4819
4924
4813
4925
4836
4895
4885
4856
4924
4829
4941
4827
4930
4858
4900
4900
4861
4939
4833
4955
4844
4942
4874
4909
4912
4862
4946
4840
4957
4851
4939
4880
4903
4920
4863
4952
4839
4962
4855
4944
4884
4905
4925
4869
4950
4842
4958
4853
4937
4888
4900
4927
4853
4956
4846
4963
4860
4936
4893
4889
4931
4851
4963
4841
4954
4862
4927
4900
4886
4939
4850
4965
4847
4956
4868
4923
4907
4886
4949
4844
4969
4851
4952
4871
4919
4907
4877
4952
4847
4966
4856
4950
4874
4911
4918
4871
4948
4847
4967
4848
4949
4884
4911
4920
4864
4961
4839
4963
4853
4947
4886
4904
4930
4862
4959
4841
4963
4861
4939
4895
4901
4934
4856
4964
4842
4959
4862
4934
4903
4890
4933
4854
4962
4843
4961
4867
4931
4904
4889
4942
4852
4965
4845
4955
4868
4929
4902
4883
4942
4849
4968
4844
4959
4867
4920
4908
4874
4947
4843
4970
4849
4952
4873
4914
4920
4865
4949
4843
4967
4847
4947
4885
4912
4917
4862
4947
4841
4962
4854
4943
4885
4906
4928
4863
4955
4836
4966
4854
4939
4887
4897
4930
4853
4965
4837
4957
4859
4928
4894
4891
4940
4847
4966
4839
4955
4862
4929
4896
4886
4942
4846
4967
4840
4953
4864
4923
4901
4871
4946
4841
4960
4844
4944
4868
4910
4905
4865
4942
4846
4967
4847
4944
4877
4907
4918
4862
4949
4831
4955
4845
4941
4877
4894
4918
4854
4953
4831
4959
4840
4933
4875
4892
4925
4849
4954
4832
4951
4848
4924
4881
4886
4929
4840
4951
4831
4954
4849
4922
4890
4873
4930
4837
4959
4821
4947
4851
4917
4896
4867
4930
4832
4954
4827
4945
4854
4912
4893
4862
4934
4823
4957
4826
4940
4858
4907
4900
4856
4942
4824
4958
4830
4939
4861
4896
4908
4843
4937
4826
4954
4830
4932
4862
4890
4914
4844
4947
4828
4954
4837
4934
4878
4884
4917
4843
4952
4822
4956
4850
4925
4885
4881
4924
4843
4953
4821
4950
4853
4916
4880
4875
4931
4835
4956
4823
4943
4852
4914
4893
4868
4935
4837
4961
4830
4946
4857
4920
4902
4864
4940
4835
4963
4834
4955
4867
4912
4905
4865
4941
4832
4957
4837
4944
4869
4903
4907
4855
4950
4824
4963
4841
4940
4880
4897
4916
4852
4956
4829
4959
4846
4932
4883
4891
4919
4857
4961
4829
4964
4853
4931
4883
4886
4926
4847
4960
4830
4955
4852
4929
4892
4880
4934
4841
4959
4839
4951
4858
4921
4897
4875
4939
4839
4961
4837
4951
4857
4916
4898
4862
4933
4834
4962
4837
4941
4865
4911
4906
4865
4949
4832
4960
4838
4941
4870
4897
4917
4860
4947
4834
4964
4842
4936
4881
4890
4923
4854
4956
4840
4959
4845
4941
4885
4890
4923
4852
4958
4832
4958
4848
4935
4888
4884
4937
4845
4960
4833
4951
4862
4927
4896
4880
4935
4843
4958
4836
4954
4859
4924
4896
4878
4938
4832
4962
4834
4950
4861
4911
4905
4869
4942
4834
4964
4839
4945
4869
4902
4907
4860
4943
4834
4959
4835
4947
4872
4904
4911
4859
4942
4830
4956
4848
4936
4879
4897
4923
4847
4956
4833
4958
4844
4938
4884
4889
4923
4841
4954
4833
4960
4852
4925
4886
4881
4936
4842
4957
4832
4957
4854
4922
4897
4880
4935
4834
4966
4829
4950
4857
4916
4904
4865
4937
4841
4952
4839
4950
4863
4911
4905
4861
4942
4835
4963
4828
4945
4867
4901
4910
4855
4947
4830
4958
4839
4941
4874
4902
4912
4849
4950
4832
4962
4840
4931
4882
4894
4916
4842
4953
4830
4961
4847
4933
4882
4883
4928
4845
4955
4830
4960
4849
4922
4886
4882
4932
4841
4954
4829
4957
4854
4921
4893
4874
4943
4829
4961
4832
4953
4853
4912
4899
4873
4934
4839
4959
4831
4946
4864
4911
4906
4866
4942
4838
4961
4838
4941
4864
4905
4911
4856
4946
4831
4963
4837
4938
4874
4897
4922
4857
4951
4824
4963
4844
4938
4879
4892
4920
4851
4956
4825
4962
4846
4926
4888
4886
4926
4844
4963
4825
4957
4853
4924
4889
4879
4933
4834
4963
4830
4950
4852
4919
4895
4877
4940
4834
4969
4833
4952
4859
4910
4899
4868
4939
4830
4964
4831
4948
4860
4905
4905
4869
4941
4830
4959
4836
4944
4870
4899
4915
4857
4945
4830
4960
4837
4937
4877
4892
4918
4849
4949
4824
4962
4842
4934
4869
4889
4921
4842
4947
4831
4957
4851
4923
4884
4883
4929
4841
4955
4827
4953
4850
4924
4888
4869
4925
4842
4952
4828
4954
4850
4918
4894
4863
4936
4837
4956
4827
4947
4864
4910
4901
4863
4935
4834
4959
4838
4942
4860
4907
4909
4859
4942
4821
4959
4840
4941
4869
4896
4909
4856
4951
4822
4956
4841
4931
4875
4891
4915
4845
4953
4827
4960
4840
4929
4880
4889
4925
4841
4953
4831
4955
4853
4925
4883
4876
4928
4834
4952
4826
4955
4852
4921
4889
4873
4930
4834
4952
4828
4952
4854
4913
4890
4865
4938
4837
4955
4834
4949
4862
4913
4897
4862
4940
4829
4960
4830
4935
4864
4908
4903
4854
4946
4825
4960
4840
4935
4870
4891
4912
4851
4949
4826
4952
4838
4931
4863
4894
4919
4845
4953
4829
4955
4845
4930
4877
4889
4921
4841
4950
4830
4952
4840
4926
4884
4879
4924
4841
4956
4832
4950
4854
4925
4889
4879
4934
4835
4957
4829
4948
4847
4917
4904
4867
4936
4831
4956
4829
4946
4865
4910
4904
4861
4932
4830
4955
4832
4940
4865
4898
4900
4852
4941
4829
4957
4838
4937
4866
4893
4907
4847
4951
4826
4960
4835
4929
4874
4892
4918
4845
4949
4825
4960
4846
4928
4877
4881
4925
4840
4952
4827
4952
4847
4924
4883
4883
4927
4837
4958
4827
4950
4849
4922
4896
4874
4926
4839
4953
4826
4947
4858
4908
4901
4864
4938
4832
4960
4829
4945
4856
4913
4899
4860
4938
4826
4960
4831
4943
4860
4898
4901
4852
4938
4824
4954
4833
4933
4872
4893
4908
4847
4946
4823
4962
4843
4929
4867
4889
4918
4840
4947
4824
4956
4845
4928
4883
4881
4923
4839
4950
4830
4951
4842
4917
4885
4874
4928
4839
4953
4827
4952
4857
4920
4887
4868
4933
4833
4960
4831
4948
4851
4913
4890
4862
4936
4830
4956
4834
4941
4858
4907
4897
4865
4940
4822
4954
4829
4930
4863
4898
4904
4851
4941
4824
4959
4836
4933
4865
4893
4913
4843
4941
4822
4958
4839
4926
4871
4889
4911
4842
4954
4830
4955
4846
4927
4879
4882
4917
4837
4956
4824
4952
4841
4916
4882
4873
4928
4835
4954
4825
4949
4852
4913
4886
4864
4925
4833
4955
4823
4947
4858
4911
4893
4861
4938
4828
4955
4830
4938
4857
4903
4901
4854
4935
4828
4956
4833
4937
4863
4897
4912
4856
4941
4828
4954
4835
4932
4867
4889
4914
4848
4941
4826
4952
4834
4924
4876
4887
4921
4839
4949
4826
4955
4845
4925
4872
4878
4921
4832
4946
4825
4957
4850
4912
4879
4872
4925
4830
4951
4827
4944
4851
4915
4888
4865
4936
4826
4956
4821
4939
4851
4904
4893
4860
4934
4825
4953
4830
4938
4858
4899
4898
4853
4939
4825
4960
4828
4930
4864
4893
4905
4854
4938
4828
4956
4833
4930
4868
4889
4912
4845
4946
4826
4955
4839
4925
4872
4884
4920
4843
4948
4820
4956
4845
4926
4878
4880
4920
4839
4947
4819
4949
4842
4916
4886
4876
4931
4833
4948
4822
4949
4854
4913
4888
4864
4934
4831
4952
4824
4941
4852
4910
4898
4859
4934
4825
4955
4827
4938
4860
4905
4899
4855
4936
4826
4952
4835
4931
4864
4894
4906
4846
4944
4823
4957
4835
4935
4869
4888
4914
4846
4942
4820
4952
4841
4927
4876
4886
4919
4843
4951
4819
4949
4838
4922
4874
4884
4919
4837
4955
4827
4943
4846
4918
4887
4869
4929
4837
4953
4827
4947
4850
4908
4887
4862
4930
4830
4951
4827
4942
4852
4908
4894
4860
4933
4830
4956
4823
4937
4860
4903
4898
4856
4941
4824
4948
4825
4931
4865
4898
4906
4849
4938
4818
4952
4833
4927
4868
4886
4909
4843
4947
4825
4951
4842
4931
4869
4877
4916
4845
4948
4823
4951
4839
4923
4878
4873
4926
4839
4950
4817
4947
4842
4922
4885
4874
4926
4838
4949
4821
4943
4847
4915
4889
4865
4934
4830
4949
4829
4942
4857
4906
4893
4856
4934
4826
4959
4829
4938
4857
4908
4899
4856
4943
4830
4954
4834
4932
4858
4887
4911
4855
4944
4822
4955
4836
4930
4864
4894
4911
4843
4941
4826
4951
4838
4927
4870
4880
4911
4840
4945
4825
4952
4843
4925
4881
4872
4918
4833
4954
4824
4951
4847
4914
4883
4872
4919
4832
4950
4818
4945
4847
4915
4884
4862
4928
4828
4950
4824
4936
4852
4901
4890
4852
4931
4817
4950
4822
4939
4845
4896
4896
4843
4934
4817
4955
4821
4928
4850
4893
4897
4835
4937
4810
4948
4820
4922
4856
4881
4904
4831
4941
4806
4952
4828
4912
4863
4870
4907
4827
4941
4807
4945
4830
4909
4867
4865
4911
4820
4944
4810
4931
4833
4903
4871
4859
4911
4817
4938
4811
4925
4839
4885
4878
4840
4915
4812
4931
4800
4916
4834
4884
4876
4839
4907
4810
4929
4812
4910
4843
4870
4886
4830
4916
4802
4920
4806
4906
4841
4862
4880
4814
4914
4798
4924
4810
4895
4842
4853
4882
4812
4910
4793
4913
4809
4883
4844
4846
4881
4810
4904
4798
4911
4818
4884
4854
4838
4886
4809
4904
4800
4909
4821
4874
4862
4828
4900
4796
4916
4801
4905
4827
4869
4859
4834
4898
4814
4898
4825
