1672
1316
1386
1642
984
1845
886
1903
1077
1917
1133
1251
1780
799
1793
937
1864
1018
1810
1174
1195
1706
803
1837
896
1826
1014
1658
1353
925
1696
747
1761
980
1802
972
1558
1409
981
1760
862
1778
924
1864
1015
1325
1579
986
1752
814
1894
934
1879
1119
1283
1549
960
1863
936
1842
1134
1865
1117
1152
1607
888
1751
892
1844
1005
1806
1231
1032
1744
939
1870
989
1853
1039
1610
1366
1031
1730
860
1838
954
1893
995
1476
1522
941
1839
833
1846
945
1945
1126
1365
1661
827
1784
915
1920
935
1856
1152
1197
1540
920
1787
921
1858
993
1831
1232
1101
1702
829
1763
872
1796
1030
1610
1302
956
1718
799
1760
983
1811
990
1460
1493
952
1707
818
1891
974
1847
1054
1264
1504
899
1650
822
1954
985
1881
1132
1221
1622
859
1712
935
1819
1048
1783
1197
1080
1593
879
1733
906
1811
966
1578
1185
1004
1770
859
1822
923
1812
1027
1493
1387
988
1763
826
1895
942
1810
1145
1393
1459
844
1682
773
1812
927
1873
1116
1290
1545
925
1739
892
1838
996
1760
1183
1030
1662
921
1838
922
1866
979
1609
1212
1034
1601
895
1859
869
1911
1000
1603
1392
1069
1786
859
1809
965
1865
1089
1445
1459
897
1720
837
1935
1013
1882
1167
1201
1581
928
1799
819
1928
919
1852
1220
1256
1713
842
1788
947
1842
938
1771
1242
1043
1671
801
1765
887
1870
1026
1601
1330
1004
1810
875
1861
1016
1812
1015
1526
1458
1074
1714
826
1915
976
1853
1028
1379
1621
964
1849
942
1894
1125
1862
1140
1271
1651
845
1868
927
1916
1044
1860
1191
1150
1575
894
1813
953
1787
1055
1717
1174
1114
1628
773
1844
1057
1906
1089
1612
1422
1037
1729
823
1860
880
1829
1074
1484
1494
922
1779
798
1839
1038
1903
1123
1450
1562
885
1803
913
1927
1035
1873
1127
1203
1614
950
1831
901
1878
945
1859
1141
1200
1735
821
1799
903
1900
1021
1673
1303
1044
1678
811
1880
969
1870
1100
1521
1448
935
1784
831
1767
1038
1957
1019
1391
1483
979
1865
911
1865
1024
1827
1158
1316
1552
983
1740
907
1888
983
1843
1180
1210
1600
936
1839
983
1880
989
1837
1159
1087
1759
951
1870
989
1907
1107
1680
1215
984
1667
912
1845
989
1780
1131
1424
1481
888
1792
821
1918
1034
1761
1159
1317
1539
1011
1808
819
1873
949
1867
1215
1349
1576
840
1824
915
1836
991
1871
1277
1106
1652
929
1763
902
1934
991
1709
1287
1120
1767
956
1917
885
1917
1043
1581
1359
1032
1822
837
1776
942
1896
1046
1541
1489
915
1745
835
1859
971
1923
1161
1289
1585
905
1759
873
1871
897
1879
1299
1159
1679
859
1892
940
1965
1030
1761
1183
1128
1704
875
1841
869
1912
958
1629
1312
999
1714
866
1903
875
1817
1072
1475
1424
952
1711
962
1804
997
1860
1106
1298
1600
1036
1741
833
1888
1027
1944
1133
1244
1607
878
1807
855
1837
1040
1849
1178
1122
1588
828
1747
965
1913
1027
1699
1200
1134
1716
919
1832
889
1866
1103
1620
1337
1050
1684
778
1922
899
1927
1158
1486
1548
883
1880
880
1940
979
1860
1154
1280
1497
1039
1657
878
1878
1008
1903
1074
1234
1701
895
1846
890
1870
1038
1771
1139
1066
1620
797
1799
906
1825
1026
1710
1247
1080
1666
781
1758
864
1818
1026
1491
1363
920
1709
800
1786
916
1920
1014
1415
1497
969
1805
825
1923
951
1961
1072
1164
1521
932
1729
894
1875
905
1859
1212
1219
1762
991
1803
879
1810
972
1656
1227
1033
1612
889
1778
1001
1825
996
1545
1343
1012
1766
812
1863
907
1891
1029
1444
1510
982
1751
904
1810
926
1938
1174
1356
1641
880
1820
886
1771
982
1935
1215
1299
1751
1003
1824
891
1917
1034
1810
1234
1079
1670
868
1790
895
1933
989
1659
1329
1145
1749
827
1803
1004
1878
1104
1586
1504
951
1737
808
1949
975
1961
1165
1369
1587
991
1813
840
1914
939
1850
1132
1243
1669
1008
1822
945
1893
1119
1826
1164
1132
1657
932
1769
982
1905
1022
1668
1168
1116
1775
875
1802
979
1850
982
1552
1371
1060
1809
831
1905
945
1875
1069
1491
1554
1041
1748
935
1944
908
1935
1193
1266
1581
849
1877
903
1882
1040
1914
1176
1278
1743
911
1801
857
1885
950
1761
1208
1153
1785
950
1912
940
1969
1074
1680
1349
1034
1731
864
1926
970
1877
1021
1510
1501
1075
1747
967
1895
1039
1783
1146
1443
1553
984
1876
832
1874
993
1900
1230
1330
1658
935
1843
880
1921
1105
2002
1148
1265
1703
912
1837
933
1947
1078
1806
1165
1118
1731
763
1818
942
1874
1064
1554
1419
1049
1765
885
1942
865
1889
1153
1529
1425
1095
1739
819
1938
975
1897
1043
1309
1539
1005
1784
1046
1969
1008
1893
1157
1231
1646
1011
1843
950
1822
1068
1921
1234
1157
1643
867
1862
890
1947
973
1753
1153
1156
1687
889
1860
967
1948
1083
1587
1354
1055
1768
973
1923
933
1919
1097
1464
1460
1064
1765
888
1970
1004
1921
1244
1418
1618
932
1764
919
1826
1013
1947
1193
1261
1608
1025
1739
1006
1892
928
1854
1132
1192
1693
911
1788
899
1872
923
1818
1180
1056
1795
817
1896
875
1876
1062
1565
1328
951
1772
867
1927
890
1888
1086
1424
1648
1012
1841
813
1877
893
1831
1237
1345
1579
913
1723
887
1857
1022
1929
1128
1263
1529
1039
1803
874
1901
1047
1849
1202
1177
1634
957
1828
978
2003
1021
1694
1246
1085
1698
891
1900
933
1861
1008
1600
1446
1002
1673
926
1910
962
1889
1060
1439
1567
1029
1798
795
1838
1012
1925
1126
1369
1609
920
1745
841
1952
981
1806
1258
1324
1678
908
1859
985
1959
1067
1850
1141
1111
1751
933
1900
897
1954
1049
1773
1282
1037
1776
891
1847
957
1907
1052
1585
1522
898
1848
806
1874
971
1877
1101
1396
1665
970
1800
914
1843
983
1877
1164
1395
1616
916
1805
925
1877
1032
1827
1223
1216
1752
961
1901
1008
1886
1042
1750
1299
998
1880
863
1883
939
1897
1127
1533
1429
1071
1771
826
1908
1020
1878
1158
1505
1504
1010
1767
949
1969
952
1939
1110
1356
1539
1023
1805
883
1992
1067
1992
1201
1217
1610
1040
1857
973
1900
986
1885
1148
1174
1670
991
1854
922
1798
1036
1754
1365
1091
1736
910
1909
919
1932
1119
1621
1503
1017
1769
882
1866
1070
1867
1115
1520
1529
1008
1816
884
1965
1061
1845
1086
1343
1641
958
1900
794
1935
974
1898
1147
1279
1653
929
1827
924
1838
1037
1854
1219
1049
1828
922
1937
968
1919
1121
1731
1391
1146
1669
858
1903
918
1891
1021
1578
1430
1074
1798
835
1863
1001
1902
1070
1464
1571
1041
1828
873
1865
990
1868
1116
1334
1681
933
1724
916
1818
921
1825
1205
1182
1666
926
1808
849
1855
1006
1756
1143
1013
1686
779
1775
860
1817
1032
1652
1281
938
1765
766
1860
874
1960
908
1440
1473
857
1777
755
1861
897
1850
1056
1267
1623
928
1783
825
1761
907
1770
1205
1099
1629
783
1746
810
1803
1014
1767
1208
909
1683
707
1852
871
1869
965
1522
1325
924
1646
769
1836
936
1761
998
1339
1525
834
1714
883
1841
967
1830
1116
1219
1641
739
1799
754
1896
1010
1850
1220
1102
1640
723
1815
861
1915
1015
1824
1475
