5185
5273
5155
5212
5244
5157
5300
5125
5309
5133
5258
5174
5176
5265
5136
5279
5112
5308
5151
5272
5192
5185
5273
5279
5181
5191
5268
5155
5293
5118
5318
5159
5268
5189
5189
5276
5132
5288
5134
5295
5147
5254
5195
5169
5255
5157
5279
5136
5279
5157
5250
5215
5158
5273
5159
5295
5124
5298
5184
5227
5236
5169
5276
5132
5279
5133
5278
5172
5247
5245
5163
5277
5128
5318
5123
5288
5174
5244
5226
5149
5289
5133
5299
5123
5291
5173
5219
5261
5169
5279
5129
5303
5124
5263
5187
5195
5263
5149
5273
5128
5321
5153
5262
5190
5178
5262
5144
5287
5123
5289
5137
5269
5198
5180
5261
5130
5295
5161
5300
5162
5261
5198
5176
5268
5150
5289
5131
5291
5149
5240
5207
5177
5289
5133
5301
5131
5287
5175
5240
5218
5141
5289
5141
5304
5135
5290
5157
5232
5253
5155
5299
5119
5310
5160
5274
5167
5217
5244
5163
5303
5153
5296
5150
5292
5177
5226
5262
5134
5289
5131
5299
5144
5279
5189
5207
5254
5140
5295
5155
5278
5146
5255
5209
5179
5260
5134
5287
5146
5306
5163
5273
5207
5188
5267
5144
5286
5122
5299
5157
5266
5207
5173
5292
5135
5270
5132
5292
5181
5238
5230
5181
5299
5126
5290
5125
5294
5162
5230
5251
5135
5297
5134
5298
5144
5302
5163
5237
5251
5152
5291
5125
5305
5147
5304
5187
5201
5235
5140
5285
5165
5305
5143
5277
5213
5207
5256
5141
5291
5120
5307
5160
5274
5198
5196
5261
5144
5288
5144
5283
5152
5268
5195
5202
5265
5135
5287
5140
5280
5139
5239
5199
5168
5305
5135
5300
5142
5299
5159
5249
5214
5186
5278
5144
5289
5130
5281
5160
5242
5211
5168
5275
5135
5309
5133
5273
5162
5235
5218
5155
5307
5136
5310
5133
5273
5171
5207
5272
5136
5280
5133
5296
5153
5276
5178
5208
5246
5163
5292
5127
5292
5130
5267
5203
5208
5261
5145
5283
5147
5284
5147
5271
5188
5182
5266
5133
5267
5132
5289
5146
5262
5189
5154
5259
5142
5286
5137
5277
5152
5255
5199
5177
5280
5153
5269
5125
5268
5164
5247
5218
5146
5293
5146
5297
5147
5276
5165
5230
5234
5150
5299
5132
5304
5127
5277
5160
5235
5232
5155
5303
5130
5305
5154
5262
5166
5219
5238
5150
5277
5146
5284
5140
5288
5164
5185
5253
5142
5298
5134
5321
5135
5292
5186
5191
5254
5132
5299
5131
5294
5142
5266
5184
5171
5257
5139
5298
5133
5285
5153
5261
5211
5165
5247
5155
5291
5133
5272
5150
5258
5218
5172
5265
5141
5303
5120
5290
5163
5248
5225
5171
5271
5136
5286
5118
5301
5161
5223
5226
5168
5283
5132
5281
5144
5278
5167
5233
5250
5140
5284
5151
5300
5140
5282
5180
5210
5253
5143
5287
5130
5286
5154
5285
5210
5210
5267
5142
5282
5137
5289
5128
5280
5186
5190
5282
5132
5284
5158
5284
5173
5251
5217
5172
5278
5148
5305
5123
5293
5140
5251
5202
5175
5293
5139
5294
5150
5305
5162
5252
5217
5174
5301
5129
5301
5125
5296
5182
5232
5245
5155
5274
5140
5312
5142
5287
5169
5217
5223
5147
5293
5128
5296
5127
5290
5179
5208
5251
5144
5280
5141
5300
5148
5274
5170
5203
5226
5164
5284
5134
5297
5135
5287
5187
5204
5264
5138
5296
5141
5292
5137
5284
5205
5198
5253
5135
5312
5137
5299
5147
5245
5200
5180
5277
5151
5273
5144
5292
5155
5244
5216
5183
5263
5162
5290
5118
5305
5169
5244
5223
5182
5294
5124
5283
5126
5297
5159
5229
5247
5162
5310
5136
5309
5120
5272
5178
5212
5222
5149
5290
5140
5285
5136
5277
5187
5192
5246
5172
5282
5138
5307
5140
5275
5177
5209
5247
5144
5280
5145
5308
5137
5271
5181
5194
5244
5147
5289
5131
5301
5133
5261
5201
5180
5274
5136
5308
5112
5289
5164
5257
5203
5172
5257
5152
5298
5125
5286
5184
5251
5204
5170
5286
5141
5288
5123
5287
5153
5231
5215
5156
5287
5148
5288
5154
5299
5177
5222
5252
5163
5281
5145
5280
5136
5288
5185
5222
5255
5154
5295
5134
5279
5127
5282
5194
5209
5248
5141
5297
5145
5309
5140
5249
5208
5188
5256
5137
5304
5131
5311
5157
5256
5198
5188
5276
5140
5287
5145
5292
5150
5253
5207
5202
5281
5143
5292
5135
5301
5161
5255
5218
5177
5288
5127
5294
5120
5304
5167
5246
5223
5168
5278
5153
5297
5125
5279
5176
5233
5233
5162
5277
5138
5291
5137
5269
5174
5215
5235
5160
5295
5135
5294
5149
5283
5184
5187
5239
5160
5287
5144
5291
5141
5288
5199
5205
5254
5132
5298
5129
5286
5146
5271
5194
5200
5272
5146
5275
5118
5277
5140
5266
5190
5168
5275
5146
5283
5146
5309
5142
5255
5204
5179
5292
5147
5291
5128
5278
5146
5243
5221
5179
5262
5139
5307
5121
5282
5144
5237
5222
5166
5281
5142
5286
5150
5268
5171
5246
5232
5147
5270
5135
5310
5148
5294
5178
5236
5244
5145
5287
5129
5277
5140
5275
5199
5209
5266
5152
5293
5167
5296
5141
5255
5182
5190
5278
5160
5283
5130
5295
5152
5254
5179
5207
5249
5146
5296
5134
5293
5143
5272
5207
5189
5269
5141
5289
5138
5290
5134
5252
5234
5170
5277
5135
5315
5139
5291
5165
5217
5215
5177
5284
5146
5287
5152
5288
5161
5234
5217
5151
5295
5149
5293
5155
5284
5163
5230
5230
5161
5289
5145
5301
5147
5287
5194
5221
5253
5178
5288
5147
5301
5134
5266
5187
5211
5249
5146
5285
5122
5307
5145
5282
5198
5183
5275
5150
5269
5121
5301
5164
5265
5192
5171
5286
5169
5294
5123
5298
5163
5260
5214
5143
5277
5147
5287
5117
5270
5158
5246
5212
5162
5284
5129
5301
5136
5275
5162
5262
5234
5171
5281
5131
5320
5127
5285
5155
5245
5239
5162
5278
5142
5294
5143
5276
5172
5244
5255
5175
5288
5128
5280
5151
5292
5176
5231
5248
5141
5281
5159
5308
5159
5284
5184
5211
5230
5155
5308
5142
5298
5129
5271
5205
5184
5261
5124
5297
5130
5282
5168
5260
5190
5179
5274
5132
5288
5139
5318
5144
5269
5197
5183
5275
5153
5287
5140
5293
5170
5263
5234
5176
5278
5156
5296
5125
5300
5149
5245
5233
5173
5273
5136
5299
5143
5283
5162
5238
5253
5173
5302
5126
5307
5141
5289
5183
5231
5239
5133
5298
5124
5302
5156
5291
5176
5203
5250
5153
5300
5141
5309
5152
5271
5185
5202
5273
5163
5291
5146
5302
5139
5272
5187
5182
5262
5139
5294
5120
5296
5144
5263
5205
5198
5282
5155
5280
5137
5288
5158
5246
5213
5174
5285
5128
5296
5143
5302
5167
5229
5204
5179
5275
5142
5300
5129
5277
5173
5224
5228
5161
5276
5133
5316
5140
5281
5174
5215
5241
5147
5275
5131
5304
5129
5281
5178
5224
5257
5162
5292
5142
5303
5142
5284
5187
5211
5256
5162
5279
5137
5274
5140
5282
5177
5205
5252
5136
5285
5147
5286
5148
5274
5206
5204
5275
5162
5295
5120
5280
5157
5263
5201
5189
5266
5141
5286
5125
5296
5157
5252
5223
5144
5295
5138
5288
5147
5280
5164
5254
5221
5147
5275
5129
5292
5146
5285
5193
5238
5225
5140
5274
5159
5286
5137
5290
5166
5229
5254
5143
5280
5113
5306
5147
5274
5175
5221
5251
5131
5266
5140
5304
5140
5277
5189
5205
5236
5138
5290
5144
5301
5131
5277
5183
5183
5255
5127
5297
5125
5304
5174
5258
5221
5187
5268
5143
5283
5136
5294
5162
5243
5223
5163
5268
5141
5279
5131
5280
5164
5247
5230
5147
5276
5127
5299
5119
5289
5173
5239
5244
5135
5286
5137
5304
5147
5276
5159
5230
5227
5158
5284
5155
5288
5154
5261
5163
5208
5236
5164
5278
5138
5287
5136
5280
5165
5205
5250
5145
5285
5148
5298
5144
5277
5196
5196
5272
5139
5302
5135
5296
5171
5266
5210
5181
5267
5148
5296
5122
5302
5157
5258
5189
5176
5254
5139
5301
5131
5281
5170
5261
5230
5177
5292
5157
5302
5144
5280
5160
5228
5225
5162
5280
5134
5298
5123
5283
5177
5227
5241
5153
5282
5144
5272
5150
5281
5176
5227
5234
5154
5289
5142
5290
5131
5281
5178
5216
5260
5163
5278
5139
5283
5169
5274
5192
5204
5258
5150
5278
5125
5304
5143
5267
5179
5201
5268
5149
5284
5119
5289
5161
5265
5209
5186
5268
5137
5304
5170
5289
5155
5253
5243
5182
5290
5141
5299
5142
5299
5156
5235
5208
5172
5296
5134
5297
5142
5292
5174
5238
5231
5160
5292
5135
5291
5134
5274
5181
5228
5251
5147
5271
5147
5311
5153
5267
5172
5215
5249
5166
5292
5151
5292
5152
5277
5192
5196
5248
5166
5289
5149
5296
5157
5277
5199
5209
5268
5150
5291
5131
5316
5144
