12795
13781
12848
13806
13115
13522
13738
13046
13724
12819
13675
12896
13762
13129
13514
13651
13274
13738
12948
13696
12978
13588
13097
13776
13627
13334
13628
12916
13693
12994
13772
12971
13732
13423
13482
13578
12971
13709
12886
13516
12901
13527
13300
13415
13724
12860
13687
12796
13499
12966
13651
13268
13404
13710
12936
13765
12897
13626
12875
13807
13261
13661
13716
13060
13799
12871
13761
12846
13761
13202
13671
13727
13017
13768
12864
13792
12808
13614
13218
13688
13789
12965
13723
12812
13958
12995
13739
13103
13586
13672
13137
13746
12974
13847
12918
13741
13087
13671
13660
13198
13855
12922
13825
12884
13711
12911
13727
13743
13229
13901
12812
13852
13077
13698
12970
13756
13419
13367
13710
13037
13798
12915
13697
12835
13930
13396
13303
13708
12973
13766
12979
13859
12814
13740
13402
13445
13951
12777
13792
12817
13773
12903
13667
13261
13555
13808
12870
13830
12956
13838
12991
13977
13078
13606
13797
12834
13911
12910
13838
12792
13897
13166
13705
13824
13010
13858
12874
13864
13043
13733
13106
13624
13909
12913
13745
12954
13867
13119
13862
13020
13656
13800
13128
13877
12797
13725
12894
13815
13208
13749
13608
13196
13823
12878
13715
13003
13705
13072
13723
13501
13122
13761
12993
13651
13046
13572
12783
13737
13336
13313
13647
12912
13737
12730
13693
12883
13816
13453
13418
13771
12914
13795
12857
13735
13001
13815
13385
13247
13813
12954
13852
13018
13724
12819
13684
13215
13579
13901
13004
13797
13071
13943
12920
13761
13219
13560
13864
13075
13913
12767
13755
12969
13892
13209
13654
13842
13006
13887
12934
13707
13082
13905
13088
13729
13878
13126
13773
12916
13826
12840
13736
13037
13738
13676
13141
13801
13083
13799
12823
13741
12873
13611
13488
13179
13740
12952
13679
13009
13731
12944
13668
13435
13302
13827
12936
13706
12965
13726
12886
13614
13445
13454
13694
13134
13854
12910
13771
12802
13665
13263
13528
13705
12860
13848
12882
13842
13074
13679
13221
13601
13813
13008
13768
12831
13781
12955
13771
13126
13597
13747
13055
13731
12785
13820
12803
13901
12983
13686
13608
13063
13831
12783
13880
12828
13579
12953
13778
13613
13174
13735
12814
13884
13022
13656
12943
13697
13647
13209
13730
12723
13593
12874
13742
12816
13723
13553
13204
13856
12784
13792
12903
13779
12742
13808
13368
13420
13742
12706
13808
12955
13752
12889
13693
13348
13551
13729
12835
13707
12991
13811
12903
13915
13108
13679
13847
12919
13841
12846
13639
12922
13855
13131
13581
13788
12872
13901
12952
13893
12945
13708
13171
13648
13802
12901
13718
12960
13828
13099
13898
13087
13597
13860
13034
13951
12857
13808
12851
13864
13142
13760
13840
13140
13846
12743
13832
12977
13639
12973
13831
13774
13186
13765
12893
13893
13036
13839
12890
13786
13585
13368
13759
12840
13750
12832
13795
13108
13741
13465
13378
13936
12853
13671
13043
13784
13081
13963
13386
13446
13913
12986
13887
13048
13797
12772
13961
13322
13428
14012
12940
13967
12852
13842
12884
13726
13257
13722
13886
12807
14001
12971
13876
13115
13692
13234
13739
13967
12934
13846
13028
13924
12966
13749
13103
13754
13801
13125
13823
12980
13936
13099
13753
13072
13853
13765
13239
13875
13058
13849
13100
13828
13034
13893
13637
13303
13862
13067
13870
12901
13683
13011
13848
13678
13478
13906
12912
13994
13105
13773
12935
13786
13470
13391
13945
12732
13859
12871
13716
12773
13967
13423
13509
13801
12953
13717
13011
14043
12831
13738
13233
13420
13991
12797
13883
12908
13909
12894
13738
13305
13544
13953
12842
13870
12917
13797
13039
13934
13205
13585
13844
13040
13809
12935
13714
12906
13815
13160
13580
13704
12933
13710
12900
13785
13066
13739
13124
13533
13743
13122
13885
13037
13692
13028
13829
13182
13669
13656
13341
13782
12989
13583
12784
13819
12954
13919
13664
13247
13905
13046
13778
13035
13647
12875
13701
13519
13218
13653
12883
13857
13009
13684
12879
13807
13431
13439
13829
12833
14017
12836
13910
12780
13808
13272
13512
13943
12838
13885
12806
13798
12959
13804
13116
13404
13797
12937
13746
12932
13739
12712
13844
13259
13579
13838
12919
13956
13068
13764
12843
13716
13217
13713
13789
13078
13878
12948
13819
13049
13674
12975
13779
13764
13051
13912
12870
13860
13005
13774
12940
13823
13766
13271
13759
12746
13743
12869
13802
13191
13830
13621
13148
13945
12962
13713
13007
13687
12902
13971
13426
13419
13856
12853
13843
13170
13863
12847
13814
13448
13659
13791
12707
13758
12915
13898
12942
13750
13138
13511
13988
12946
13824
12987
13820
13003
13850
13261
13510
13969
12845
14005
13005
13919
12838
13819
13309
13687
13890
12913
14107
12988
13838
13064
13780
13231
13696
13831
12998
13895
13005
13819
12987
14038
13046
13737
13766
13140
13891
12891
13751
12796
13820
13119
13841
13875
13189
13822
12979
13903
12892
13666
13126
13938
13578
13243
13866
13061
13819
12922
13787
12947
13965
13346
13404
13873
12973
13818
12807
13737
12929
13920
13391
13624
13998
13003
13855
13066
13892
12863
13730
13301
13567
13945
13069
13949
12996
13786
12847
13814
13292
13714
13882
12995
13827
12859
13853
13068
13667
13312
13604
13937
13029
13885
13071
14046
12996
13768
13223
13608
13835
12967
13884
13000
13720
13003
13645
13086
13803
13601
13038
13876
12928
13835
12900
13836
13029
13805
13677
13262
13800
12929
13799
13086
13738
13023
13833
13530
13446
13731
12896
13882
13003
13878
12876
13739
13520
13564
13680
12854
13843
12903
13884
13128
13825
13321
13533
13833
12991
13753
12997
13817
13023
13789
13397
13546
13859
13034
13739
13011
13836
12953
13827
13367
13546
13859
13172
13894
12940
13743
12848
13775
13299
13512
13766
12911
13745
12991
13702
13043
13649
13255
13640
13839
13038
13622
13079
13862
12964
13570
13087
13655
13735
13161
13761
12789
13709
13013
13676
13307
13658
13733
13224
13838
12944
13665
12914
13921
12992
13818
13534
13226
13819
13012
13755
12826
13795
13000
13836
13487
13334
13820
12976
14056
12843
13735
12997
13907
13549
13246
13890
12811
13744
13030
13636
12925
13818
13447
13604
13997
12965
13728
12984
13915
12871
13715
13219
13501
13958
12876
13794
12893
13703
12930
13702
13315
13476
13821
12928
13793
12911
13656
12944
13847
13195
13594
13824
13030
13766
12923
13804
12840
13753
13152
13755
13765
13031
13944
12875
14008
12869
13763
13053
13905
13694
13026
13863
12852
13721
13012
13765
13055
13939
13625
13175
13923
12860
13914
13133
13980
13036
13860
13591
13266
13795
12942
13908
12742
13807
13015
13786
13529
13407
13911
12938
13888
13029
13704
13050
13930
13218
13556
13780
13000
13803
12993
13900
12763
13739
13317
13546
14035
12877
13904
12683
13731
12923
13542
13294
13637
13905
12825
13738
13123
13913
12853
13715
13061
13871
13823
13150
13865
12868
13949
12894
13868
13108
13748
13755
13132
13864
12926
13972
13017
13795
13098
13857
13783
13255
13795
13013
13856
12923
13830
13120
13688
13821
13301
13767
12990
13722
13065
13890
13131
13597
13671
13409
13803
13026
13746
13060
13822
13083
13761
13540
13484
13847
13014
13711
12938
13829
12875
13996
13380
13634
13787
13005
14015
12939
13819
12858
13830
13360
13576
13803
12895
13853
12896
13876
12889
13705
13231
13666
14027
12994
13807
13035
13877
12936
13810
13222
13510
13855
13001
13764
12877
13710
12971
13717
13213
13665
13852
13035
13863
13040
13821
13105
13856
13010
13756
13751
13088
13955
12811
13591
13031
13669
13113
13828
13692
13261
13758
13070
13846
12954
13803
12928
13629
13684
13180
13830
12912
13768
12948
13736
12956
13757
13494
13382
13872
12806
13827
13030
13927
12815
13785
13369
13445
13806
12870
13855
13016
13745
12936
13709
13303
13630
13760
12932
13833
12902
13863
12898
13735
13227
13703
13741
12903
13780
12948
13708
13119
13683
13238
13565
13941
13129
13727
13006
13883
12914
13733
13097
13437
13846
13042
13747
12882
13758
12897
13581
13120
13502
13695
13138
13834
12849
13755
13053
13971
12959
13833
13668
13146
13826
12792
13846
12951
13813
12921
13785
13677
13324
13781
12810
13787
12929
13763
12906
13847
13457
13395
13776
13106
13767
12899
13582
12951
13806
13354
13443
13789
13023
13711
12861
13582
12944
13747
13275
13451
13557
13168
13422
13046
13540
13014
13505
13270
13456
13485
13121
13534
12947
13478
12965
13512
13166
13372
13459
13016
13345
13028
13323
13039
13283
13140
13405
13447
13002
13243
13046
13394
12971
13265
13033
13363
13360
13088
13382
13115
13306
13064
13245
13058
13431
13305
13137
13317
13079
13163
13084
13295
12968
13327
13132
13193
13154
13045
13211
13140
13158
12952
13218
13223
13262
13128
13067
13174
13110
13144
13048
13311
13034
13264
13121
13170
13154
13059
13148
13041
13205
13080
13272
13191
13061
13079
13061
13137
13010
13210
13009
13275
13076
13108
13111
13196
13171
12936
13148
13062
13331
13077
13081
13177
13073
13124
12952
13164
13006
13267
13099
13111
13069
13089
13061
13110
13091
13038
13230
13130
13122
13078
13154
13146
13035
13141
12956
13209
13146
13126
13142
13084
13095
