15794
14655
16136
14784
16117
15520
15529
15904
14785
15953
14745
16151
14831
16091
15378
15753
15855
14975
15964
14776
16206
14797
16213
15259
15688
15876
15037
15915
14755
16185
14657
16146
15257
15875
15834
14994
16009
14911
15978
14742
16141
15181
15881
15831
15012
15856
14663
15979
14808
16285
15147
15914
15811
15224
15868
14837
15961
14622
16126
14943
15981
15744
15287
15848
14737
15999
14705
16221
14900
15964
15618
15337
15854
14812
16017
14599
15991
14755
16196
15502
15487
15852
14736
16025
14718
16332
14759
16188
15523
15533
15839
14777
16027
14604
16158
14729
16289
15400
15544
15844
14836
16062
14582
16063
14825
16241
15352
15614
15741
14862
15892
14835
16016
14588
16155
15301
15803
15952
14862
15810
14737
16087
14645
16202
15139
15754
15897
14953
15781
14704
15985
14690
16035
15178
15967
15789
15192
15838
14760
16093
14738
16302
14946
16122
15707
15285
15918
14742
16041
14620
16198
14931
16141
15647
15402
16035
14903
16010
14706
16338
14846
16138
15522
15570
15868
14877
16032
14607
16315
14913
16156
15483
15688
15916
14887
16076
14702
16020
14919
16123
15366
15712
15770
14881
15908
14773
16158
14697
16248
15257
15866
15691
15003
15923
14750
16282
14900
16193
15168
15911
15916
15007
15995
14922
15923
14740
16191
15196
16021
15912
15186
15790
14781
16093
14658
16266
14933
16085
15750
14991
15976
14738
16186
14638
16273
14867
15953
15744
15092
16018
14643
16115
14663
16195
15056
16095
15628
15214
15922
14811
16058
14708
16352
14720
16133
15620
15401
15954
14744
16028
14579
16214
14795
16037
15492
15333
15892
14809
15896
14684
16016
14767
16148
15418
15532
15811
14847
15930
14798
16236
14722
16106
15326
15655
15783
14820
15826
14672
16013
14693
16257
15228
15677
15921
15007
15914
14685
16064
14682
16196
15226
15847
15791
14899
15925
14708
16075
14694
16241
14996
15830
15863
15026
15954
14678
16023
14648
16357
15064
15927
15759
15077
15898
14706
16007
14558
16145
14984
16079
15730
15344
15911
14776
16060
14757
16166
14840
16040
15657
15454
15856
14971
15930
14658
16258
14934
16254
15527
15542
15714
14809
15931
14679
16108
14769
16122
15312
15540
15833
14741
15952
14629
16003
14621
16202
15354
15579
15774
14775
16030
14694
16076
14797
16207
15243
15737
15762
14905
15868
14879
15975
14749
16373
15192
15808
15851
15010
15875
14770
16107
14737
16138
15086
16022
15841
15131
15919
14831
16053
14832
16231
15002
15884
15837
15089
15850
14804
16017
14712
16272
15035
16012
15716
15316
15816
14794
15873
14586
16148
14874
15871
15679
15402
15788
14729
15971
14748
16163
14887
16230
15487
15542
15897
14889
16007
14731
16131
14733
16243
15466
15577
15845
14757
16035
14732
16114
14664
16118
15322
15696
15832
14718
15920
14662
16132
14815
16162
15222
15754
15874
14814
15967
14752
16105
14682
16145
15302
15901
15893
14988
15867
14850
15881
14693
16239
15179
15801
15856
15078
15834
14770
15971
14707
16122
15087
15931
15775
15105
15881
14873
16014
14765
16216
14985
15866
15766
15197
15850
14775
15898
14587
16321
15010
15997
15686
15401
15866
14866
15886
14756
16205
14840
16160
15505
15616
15895
14695
15984
14754
16306
14780
16158
15457
15639
15698
14832
16072
14565
16256
14645
16125
15240
15553
15919
14724
15947
14617
16041
14827
16135
15293
15650
15836
14814
15997
14734
15930
14747
16155
15238
15730
15842
15029
15868
14842
15955
14670
16188
15124
15786
15672
15010
15846
14611
15853
14687
16203
15042
15802
15726
15098
15772
14811
16035
14776
16041
14980
16004
15611
15249
15811
14724
15910
14666
16298
14843
16029
15592
15336
15795
14739
16025
14575
16226
14886
16057
15443
15389
15741
14820
15992
14733
16145
14705
16030
15486
15513
15744
14627
15913
14641
16046
14895
16144
15356
15593
15746
14853
15840
14730
15879
14605
16103
15264
15675
15737
14842
15903
14789
15988
14605
16053
15127
15671
15876
14973
15884
14659
15821
14648
16074
15096
15708
15830
14803
15886
14796
15753
14571
16155
15069
15896
15795
14975
15796
14610
15974
14614
16263
14830
15858
15681
15284
15793
14719
16013
14535
16153
14872
16024
15608
15276
15850
14545
16014
14709
16135
14868
16134
15479
15378
15822
14856
15841
14661
16142
14690
15978
15437
15408
15826
14678
15943
14586
15956
14882
16018
15380
15497
15752
14878
15894
14712
15860
14784
16115
15271
15759
15774
14948
15862
14713
16002
14703
16151
15089
15828
15765
14941
15877
14663
16043
14666
16210
14991
15787
15840
14811
15901
14712
15850
14695
16143
15020
15810
15814
15062
15806
14768
15851
14730
16128
14951
16043
15683
15159
15863
14826
15928
14733
16313
14886
16063
15637
15275
15854
14874
16094
14588
16081
14779
16179
15503
15490
15882
14666
16014
14562
16197
14742
16054
15355
15464
15804
14711
15972
14554
16177
14632
16182
15341
15650
15692
14798
15940
14573
16146
14794
16285
15309
15750
15778
14969
15913
14817
16146
14683
16242
15120
15864
15821
14961
15794
14676
15917
14676
15966
15121
15805
15869
14874
15804
14736
15910
14676
16147
15105
15734
15771
15159
15842
14862
15928
14601
16035
15051
15958
15708
15233
15834
14752
15911
14638
16304
14801
16047
15699
15343
15841
14793
16044
14726
16307
14872
16147
15540
15437
15866
14896
15986
14710
16120
14803
16179
15454
15635
15839
15004
15960
14824
16195
14745
16131
15298
15600
15758
14852
15835
14775
16117
14690
16038
15259
15789
15674
14942
15955
14578
15991
14721
16127
15196
15748
15824
14900
15920
14808
16067
14680
16183
15120
15904
15769
14831
15814
14729
16065
14705
16241
15071
15924
15719
14943
15884
14803
16065
14638
16220
14874
15890
15738
15179
15935
14745
16042
14522
16068
14766
16139
15616
15266
15845
14629
15999
14621
16162
14846
16161
15584
15373
15880
14720
15943
14618
15964
14762
16043
15466
15460
15857
14933
15790
14754
16066
14815
16190
15289
15733
15717
14905
15904
14812
16158
14765
16228
15275
15803
15662
14808
15875
14737
16132
14615
16198
15154
15755
15839
14800
15902
14668
16028
14656
16083
15029
15762
15871
14933
15831
14823
16033
14586
16106
15198
15979
15812
15046
15778
14663
16134
14778
16271
14915
15957
15720
15171
15864
14707
15886
14623
16125
14857
15970
15707
15260
15903
14683
15967
14823
16124
15001
16001
15651
15369
15859
14833
15913
14843
16126
14772
16037
15463
15590
15775
14820
15874
14805
16181
14807
16231
15335
15740
15821
14846
16089
14617
16232
14692
16123
15263
15647
15807
14766
15956
14665
16063
14666
16165
15282
15702
15787
14883
15840
14792
16198
14660
16304
15195
15823
15842
15060
15866
14597
16051
14742
16280
15100
15999
15808
15068
15787
14780
16229
14617
16207
14977
15933
15697
15061
15915
14691
16025
14482
16087
14924
16082
15647
15151
15837
14791
15935
14781
16168
14830
16000
15640
15237
15797
15004
16003
14553
15972
14847
15921
15494
15466
15793
14912
15935
14767
16020
14877
16122
15381
15685
15840
15033
15824
14735
16146
14647
16190
15298
15797
15767
14859
15878
14680
16117
14693
16290
15090
15811
15885
14943
15978
14624
16051
14607
16174
15160
15779
15828
14929
15878
14673
15891
14742
16197
15140
15890
15826
15120
15902
14764
15963
14577
16213
15081
16075
15777
15078
15867
14709
15957
14739
16270
15036
15925
15599
15203
15878
14792
15933
14628
16027
14971
15983
15542
15516
15801
14589
15976
14662
16205
14932
16190
15462
15485
15692
14775
15929
14671
16093
14685
16059
15396
15584
15834
14718
15849
14731
16044
14651
16039
15251
15615
15806
14661
15797
14725
16014
14816
16306
15172
15717
15911
14871
15899
14694
15993
14641
16187
15115
15825
15758
14984
15913
14627
16091
14665
16278
15046
15915
15794
15113
15917
14736
16095
14720
16108
14986
15944
15750
15142
15977
14686
15960
14561
16234
14778
16205
15648
15206
15884
14771
15919
14666
16216
14786
15915
15589
15272
15813
14710
15976
14674
16048
14866
16018
15460
15377
15880
14865
15891
14725
16081
14796
16053
15465
15578
15851
14938
15856
14752
15896
14829
16222
15294
15689
15854
15002
15812
14825
16172
14559
16121
15097
15829
15920
15010
15908
14606
16127
14670
16347
15057
15828
15629
14830
15964
14680
15902
14731
16218
15097
15879
15782
15045
15811
14713
15985
14648
16198
15083
16019
15684
15239
15740
14803
16023
14752
16210
14854
16038
15493
15085
15846
14699
16103
14595
16144
14677
16038
15563
15444
15797
14704
15835
14588
16053
14825
16086
15464
15350
15752
14844
15893
14694
15957
14677
16102
15383
15473
15870
14784
15880
14788
16215
14631
16175
15314
15643
15777
14712
15929
14592
16107
14637
16170
15250
15671
15850
14730
16048
14635
16012
14725
16236
15122
15743
15902
14806
15951
14819
15951
14537
16177
15015
15743
15777
15104
15963
14670
16017
14592
16130
15065
15867
15714
15145
15883
14754
16002
14755
16152
14917
15860
15587
