24486
24488
24490
24489
24486
24492
24488
24487
24490
24487
24485
24486
24487
24487
24490
24489
24488
24488
24486
24488
24490
24489
24486
24492
24278
24512
24512
24510
24513
24509
24515
24513
24512
24516
24516
24514
24511
24510
24515
24511
24511
24511
24516
24513
24516
24515
24512
24512
24515
24514
24513
24512
24514
24515
24510
24512
24513
24512
24514
24512
24511
24513
24512
24514
24511
24519
24516
24518
24515
24516
24511
24511
24512
24512
24512
24513
24513
24514
24512
24514
24515
24515
24516
24512
24514
24511
24510
24512
24511
24512
24512
24514
24512
24513
24515
24513
24514
24518
24516
24514
24509
24511
24511
24514
24510
24511
24513
24509
24507
24514
24514
24512
24513
24514
24509
24515
24514
24516
24515
24513
24512
24512
24515
24515
24513
24511
24512
24512
24512
24515
24515
24515
24514
24513
24512
24513
24512
24511
24511
24512
24514
24515
24516
24512
24511
24511
24513
24516
24518
24516
24516
24513
24517
24518
24512
24514
24513
24512
24512
24511
24510
24510
24513
24512
24515
24515
24513
24514
24513
24513
24509
24513
24514
24510
24514
24516
24510
24512
24515
24510
24509
24514
24514
24512
24512
24514
24512
24515
24517
24512
24511
24515
24516
24516
24509
24514
24509
24509
24513
24510
24511
24514
24515
24516
24519
24513
24512
24512
24511
24512
24513
24515
24509
24512
24517
24514
24513
24515
24510
24512
24513
24515
24515
24514
24515
24511
24508
24513
24513
24512
24513
24514
24514
24516
24519
24515
24510
24514
24511
24512
24515
24510
24515
24511
24509
24512
24511
24513
24512
24514
24514
24512
24510
24514
24514
24514
24515
24513
24511
24510
24512
24513
24514
24517
24514
24515
24514
24516
24515
24510
24509
24512
24510
24514
24512
24513
24510
24514
24515
24513
24513
24515
24517
24514
24515
24511
24513
24512
24511
24514
24513
24514
24515
24509
24516
24511
24514
24515
24516
24514
24514
24509
24510
24515
24516
24515
24513
24518
24511
24512
24513
24511
24515
24513
24513
24515
24508
24510
24514
24514
24515
24514
24513
24511
24511
24512
24512
24508
24508
24508
24514
24513
24516
24514
24516
24513
24510
24511
24511
24512
24515
24515
24512
24513
24511
24509
24514
24509
24510
24511
24511
24510
24513
24516
24513
24516
24511
24513
24512
24508
24514
24514
24513
24512
24510
24511
24509
24511
24512
24516
24516
24516
24511
24513
24507
24511
24511
24514
24514
24510
24510
24511
24508
24514
24511
24509
24513
24516
24511
24514
24512
24510
24513
24513
24511
24509
24512
24513
24513
24514
24512
24515
24512
24515
24513
24514
24512
24515
24513
24516
24515
24512
24510
24515
24512
24512
24514
24514
24515
24515
24511
24514
24512
24507
24514
24514
24516
24511
24512
24511
24513
24515
24514
24514
24514
24512
24513
24513
24515
24509
24512
24515
24509
24509
24510
24511
24511
24516
24513
24519
24515
24512
24514
24514
24516
24512
24512
24511
24513
24511
24515
24514
24513
24510
24512
24510
24511
24514
24514
24510
24514
24513
24509
24510
24510
24513
24514
24514
24513
24513
24512
24510
24516
24515
24517
24514
24512
24511
24514
24515
24510
24512
24509
24508
24510
24511
24514
24512
24512
24510
24512
24512
24514
24514
24515
24512
24510
24509
24508
24512
24507
24512
24509
24512
24516
24516
24516
24516
24510
24511
24513
24511
24512
24512
24513
24513
24510
24512
24512
24510
24511
24514
24511
24512
24513
24511
24513
24510
24514
24511
24515
24512
24512
24513
24514
24512
24513
24513
24509
24509
24511
24512
24511
24514
24513
24515
24511
24509
24510
24510
24510
24512
24513
24513
24517
24511
24513
24509
24510
24509
24511
24512
24512
24517
24512
24506
24511
24513
24509
24512
24510
24514
24513
24512
24514
24516
24513
24512
24510
24518
24514
24509
24511
24514
24511
24514
24514
24517
24515
24513
24510
24515
24513
24513
24515
24513
24516
24510
24511
24510
24512
24513
24512
24514
24513
24512
24511
24511
24512
24515
24513
24516
24514
24513
24510
24512
24511
24515
24514
24514
24512
24514
24508
24511
24510
24514
24512
24512
24508
24513
24510
24511
24516
24514
24514
24513
24513
24510
24509
24511
24509
24513
24515
24517
24516
24510
24512
24512
24512
24513
24516
24514
24514
24513
24506
24507
24513
24515
24513
24514
24512
24511
24512
24513
24511
24511
24510
24513
24512
24511
24514
24510
24507
24510
24512
24514
24514
24510
24515
24512
24512
24515
24518
24515
24513
24508
24512
24511
24514
24510
24513
24512
24512
24513
24509
24510
24512
24514