21989
22166
22173
22173
22222
22160
22162
22165
22167
22162
22162
22165
22166
22163
22162
22162
22164
22165
22160
22162
22168
22163
22164
22165
22164
22163
22168
22169
22164
22165
22164
22166
22166
22163
22159
22165
22237
22172
22179
22172
22237
22175
22166
22170
22225
22163
22164
22165
22234
22168
22174
22170
22163
22173
22172
22175
22169
22171
22176
22170
22226
22166
22165
22168
22164
22155
22165
22164
22164
22164
22166
22163
22165
22167
22164
22162
22165
22162
22162
22165
22160
22168
22163
22171
22236
22173
22168
22177
22223
22163
22166
22162
22227
22166
22166
22156
22225
22163
22162
22172
22171
22171
22174
22159
22166
22163
22167
22161
22162
22166
22164
22165
22159
22166
22161
22178
22174
22171
22173
22164
22162
22162
22165
22167
22165
22161
22164
22165
22159
22157
22161
22232
22170
22166
22166
22222
22163
22169
22165
22238
22174
22170
22171
22226
22166
22163
22162
22164
22166
22166
22165
22169
22164
22164
22166
22161
22164
22162
22157
22166
22161
22160
22168
22163
22162
22164
22162
22160
22161
22165
22164
22162
22160
22162
22166
22158
22169
22160
22166
22234
22172
22175
22170
22235
22174
22168
22166
22170
22171
22170
22170
22226
22165
22161
22163
22158
22165
22165
22168
22165
22161
22161
22161
22237
22169
22169
22177
22228
22164
22162
22169
22241
22171
22173
22172
22159
22162
22169
22170
22159
22174
22169
22170
22225
22168
22161
22167
22165
22176
22171
22174
22224
22165
22158
22168
22169
22173
22175
22166
22164
22166
22165
22159
22166
22161
22166
22167
22164
22157
22167
22166
22173
22170
22168
22165
22162
22161
22159
22163
22166
22165
22167
22167
22167
22165
22166
22234
22171
22172
22173
22226
22165
22164
22172
22230
22175
22174
22172
22159
22170
22170
22176
22161
22170
22167
22172
22222
22159
22160
22163
22162
22163
22160
22161
22158
22165
22166
22161
22233
22170
22178
22171
22237
22165
22175
22168
22169
22172
22170
22178
22227
22162
22163
22165
22231
22170
22171
22171
22166
22171
22174
22172
22165
22170
22167
22169
22226
22160
22161
22164
22230
22168
22167
22168
22169
22177
22167
22171
22160
22173
22173
22166
22225
22162
22163
22164
22162
22170
22170
22172
22228
22169
22159
22166
22170
22167
22169
22161
22162
22164
22164
22168
22170
22167
22171
22169
22161
22159
22155
22233
22170
22167
22175
22225
22164
22164
22162
22233
22167
22170
22174
22220
22163
22160
22165
22234
22171
22172
22168
22166
22165
22164
22155
22160
22160
22159
22163
22163
22169
22169
22162
22170
22164
22162
22161
22161
22164
22163
22163
22163
22160
22160
22169
22166
22163
22164
22159
22164
22163
22163
22163
22161
22159
22162
22162
22161
22162
22165
22164
22160
22160
22161
22166
22158
22162
22163
22168
22229
22173
22170
22176
22164
22173
22166
22172
22227
22166
22159
22165
22231
22167
22170
22169
22167
22176
22174
22169
22169
22172
22175
22174
22164
22173
22166
22169
22227
22165
22158
22166
22232
22169
22170
22173
22218
22159
22163
22161
22220
22170
22163
22163
22165
22170
22169
22168
22168
22169
22172
22175
22222
22160
22162
22163
22161
22168
22172
22168
22168
22168
22168
22168
22171
22169
22170
22168
22233
22162
22165
22170
22176
22174
22170
22161
22162
22161
22163
22173
22168
22167
22174
22165
22153
22158
22164
22163
22162
22160
22165
22165
22163
22161
22161
22161
22161
22163
22167
22160
22163
22163
22160
22162
22162
22166
22164
22166
22161
22162
22166
22166
22167
22163
22161
22162
22161
22162
22166
22158
22163
22159
22162
22159
22157
22157
22161
22162
22163
22161
22166
22166
22162
22164
22164
22168
22161
22160
22161
22159
22163
22162
22157
22229
22172
22167
22172
22219
22163
22159
22159
22161
22162
22160
22164
22161
22166
22162
22164
22158
22163
22163
22158
22237
22171
22174
22173
22226
22165
22162
22161
22235
22166
22167
22170
22236
22173
22172
22168
22225
22159
22163
22155
22157
22160
22162
22162
22160
22162
22165
22156
22168
22163
22168
22161
22159
22159
22162
22161
22236
22170
22172
22168
22227
22161
22158
22159
22161
22160
22157
22165
22156
22162
22159