40
24118.44
24352.04
24165.71
24355.87
24384.79
24135.68
24359.17
24111.52
24353.15
24249.52
24366.95
24316.60
356.40
24118.44
24352.04
24165.71
24355.87
24384.79
24135.68
24359.17
24111.52
24353.15
24249.52
24366.95
24316.60
21645.90
23814.99
24332.50
24091.75
24362.88
24086.69
24359.67
24030.57
24352.26
24394.33
24188.83
24377.99
24072.90
24363.69
24096.67
24364.27
24083.23
24357.52
24122.15
24365.02
24104.90
24355.19
24394.62
24133.06
24372.41
24061.54
24357.16
24105.92
24365.19
24065.32
24356.63
24070.76
24357.18
24079.82
24358.08
24395.81
24135.88
24370.89
24068.59
24362.36
24113.64
24358.77
24085.38
24360.44
24085.55
24361.35
24132.44
24350.75
24389.67
24047.97
24361.20
24085.62
24363.16
24137.12
24366.51
24108.65
24360.97
24079.30
24359.83
24178.18
24361.62
24392.56
24071.66
24365.37
24113.04
24367.71
24098.87
24363.59
24074.16
24361.12
24090.11
24359.11
24265.41
24373.04
24396.41
24182.74
24376.48
24076.35
24364.93
24126.50
24369.05
24062.11
24353.61
24173.06
24371.91
24278.39
24354.54
24390.06
24080.41
24364.44
24114.75
24363.38
24103.84
24361.39
24111.74
24361.27
24087.43
24363.34
24324.34
24359.13
24392.32
24100.43
24366.44
24062.75
24361.78
24083.88
24353.99
24079.50
24357.15
24158.12
24365.91
24303.89
24355.29
24391.93
24086.89
24361.49
24092.85
24357.58
24070.86
24357.19
24131.12
24363.21
24101.12
24358.41
24323.84
24355.49
24392.85
24105.89
24361.59
24084.76
24359.48
24036.85
24352.89
24090.19
24360.02
24100.80
24358.38
24381.44
24317.15
24390.82
24085.88
24363.19
24101.12
24362.01
24094.70
24358.67
24080.87
24356.39
24104.04
24356.00
24392.00
24260.60
24383.36
24086.04
24362.30
24077.63
24358.76
24081.78
24360.98
24097.30
24367.03
24113.20
24354.22
24394.52
24161.85
24371.69
24086.67
24358.77
24090.78
24359.18
24072.82
24359.18
24131.32
24363.23
24117.33
24357.33
24395.74
24081.87
24360.09
24063.91
24359.19
24097.12
24358.01
24105.10
24360.61
24090.06
24364.51
24116.55
24346.46
24385.65
24096.16
24362.42
24089.34
24356.34
24077.04
24360.50
24095.45
24358.75
24051.17
24359.72
24144.87
24350.19
24393.22
24099.62
24368.16
24063.82
24360.98
24071.20
24360.82
24102.68
24359.47
24084.55
24358.56
24183.46
24354.95
24389.20
24157.72
24372.17
24074.12
24357.51
24033.05
24352.50
24128.85
24361.18
24070.32
24358.03
24212.21
24355.12
24391.01
24058.90
24363.19
24089.42
24364.44
24095.85
24357.89
24083.49
24356.65
24033.87
24358.89
24199.69
24352.97
24388.10
24070.31
24360.73
24089.17
24359.92
24091.79
24363.78
24099.38
24357.34
24171.64
24367.26
24243.73
24353.77
24389.98
24119.10
24364.71
24085.07
24362.21
24067.72
24357.77
24080.78
24352.78
24116.28
24364.43
24291.14
24363.91
24393.69
24102.37
24365.74
24109.48
24362.85
24074.08
24361.11
24098.21
24355.42
24103.04
24363.10
24318.01
24361.20
24392.52
24051.85
24358.89
24129.49
24363.95
24087.70
24356.17
24082.42
24356.54
24122.06
24359.61
24374.36
24360.54
24391.56
24106.66
24363.47
24088.55
24356.26
24083.33
24355.74
24083.27
24354.83
24090.38
24350.14
24354.51
24346.85
24389.29
24087.53
24361.55
24134.26
24359.03
24078.20
24352.52
24075.75
24358.58
24105.16
24364.22
24386.52
24314.05
24386.01
24066.50
24360.35
24099.04
24361.81
24100.08
24361.01
24082.90
24358.39
24075.44
24348.65
24388.57
24242.26
24380.63
24083.06
24360.21
24075.62
24353.16
24110.92
24361.19
24098.22
24360.82
24127.88
24361.09
24399.71
24174.07
24372.91
24100.29
24361.93
24085.69
24358.67
24124.07
24364.31
24103.03
24359.50
24109.75
24360.18
24390.62
24073.26
24364.63
24088.66
24359.87
24092.69
24358.47
24116.85
24360.89
24067.59
24360.46
24091.85
24338.59
24390.26
24071.43
24363.54
24096.66
24358.87
24097.99
24362.60
24082.16
24360.12
24070.21
24360.72
24118.87
24352.09
24389.81
24175.78
24374.88
24123.89
24365.19
24086.92
24361.49
24093.75
24354.98
24112.00
24355.90
24139.09
24346.91
24394.69
24097.07
24365.21
24068.02
24360.50
24090.05
24359.11
24101.61
24360.26
24109.83
24369.18
24227.72
24370.17
24394.32
24103.33
24363.13
24151.51
24368.85
24092.68
24361.17
24093.72
24361.27
24056.83
24353.98
24208.20
24353.82
24388.18
24049.62
24360.46
24063.05
24360.00
24088.20
24362.52
24081.25
24356.42
24086.94
24364.20
24297.42
24369.04
24396.00
24100.80
24366.48
24137.45
24363.85
24075.08
24361.21
24166.62
24358.66
24106.07
24359.81
24315.88
24366.39
24393.04
24078.00
24363.30
24069.63
24360.66
24093.67
24355.87
24102.19
24360.32
24123.33
24364.24
24350.52
24368.95
24389.70
24096.57
24366.06
24084.31
24362.13
24094.71
24351.47
24079.25
24358.03
24077.20
24354.22
24386.42
24267.24
24382.23
24111.12
24361.21
24087.42
24357.04
24084.31
24356.73
24076.17
24356.82
24101.38
24351.24
24392.42
24154.44
24369.15
24097.22
24361.62
24096.46
24361.55
24110.86
24362.99
24098.40
24363.54
24108.36
24350.14
24388.71
24163.97
24374.60
24131.06
24365.01
24076.10
24360.41
24090.04
24360.00
24055.80
24356.58
24129.26
24357.63
24395.76
24071.08
24359.91
24086.39
24356.94
24140.99
24366.00
24083.40
24357.54
24121.25
24362.23
24095.62
24352.46
24393.45
24096.95
24359.80
24162.88
24367.29
24039.43
24354.04
24096.60
24362.46
24121.75
24360.48
24194.45
24351.55
24393.35
24108.64
24367.26
24088.93
24360.79
24107.18
24356.32
24086.93
24361.49
24071.25
24357.23
24137.42
24356.64
24389.36
24098.34
24368.03
24077.31
24359.63
24093.56
24358.56
24122.26
24355.13
24120.11
24363.91
24178.59
24349.96
24391.40
24058.94
24357.80
24093.38
24361.24
24088.33
24362.53
24067.75
24355.08
24105.71
24362.47
24192.85
24353.19
24391.72
24087.77
24366.98
24103.30
24359.53
24095.35
24360.54
24121.56
24362.26
24099.23
24362.72
24226.17
24361.92
24395.29
24051.23
24357.92
24116.79
24362.68
24092.07
24358.41
24084.44
24358.55
24080.86
24358.19
24250.92
24358.09
24397.61
24064.06
24361.01
24098.20
24359.92
24106.19
24358.02
24098.80
24364.48
24112.05
24364.91
24315.49
24360.05
24390.61
24097.56
24360.76
24120.68
24363.97
24077.80
24358.78
24091.68
24357.47
24105.05
24358.81
24346.38
24321.74
24387.67
24086.47
24364.15
24088.62
24356.26
24110.33
24360.23
24074.72
24348.57
24050.16
24352.42
24390.74
24275.77
24385.78
24145.68
24362.87
24082.19
24355.62
24108.46
24360.05
24113.41
24357.84
24135.69
24360.97
24391.60
24211.96
24375.80
24134.78
24366.28
24114.93
24362.50
24163.15
24366.42
24158.14
24367.72
24142.97
24362.60
24398.06
24220.71
24373.97
24130.10
24364.01
24157.90
24364.09
24176.81
24371.38
24135.24
24365.43
24144.54
24358.25
24389.53
24181.15
24376.32
24181.63
24376.36
24392.24
24396.52
24394.25
24394.93
24403.09
24392.21
24397.42
24402.44
24402.04
24403.81
24398.58
24395.36
24396.84
24402.38
24402.04
24405.61
24398.76
24400.78
24391.08
24396.41
24397.84
24398.89
24398.99
24393.60
24402.06
24394.81
24404.88
