5817
6099
6095
5272
6093
6095
6093
6093
6098
6096
6094
5494
5779
6100
6092
6094
6096
6096
6095
5816
5450
6102
6095
6093
6095
6096
6095
6096
5289
6062
6097
6090
6094
6096
6095
6095
5528
5681
6100
6093
6094
6096
6097
6095
5847
5397
6104
6097
6090
6095
6093
6096
6098
5289
5989
6099
6091
6091
6096
6097
6097
5589
5670
6102
6094
6093
6097
6096
6097
5905
5367
6102
6094
6088
6093
6095
6097
6098
5401
5993
6099
6092
6093
6097
6093
6097
5650
5615
6103
6094
6093
6096
6097
6096
5964
5349
6104
6094
6091
6095
6098
6097
6098
5333
5895
6100
6092
6094
6095
6095
6095
5677
5590
6104
6093
6093
6096
6097
6095
5992
5292
6101
6096
6090
6094
6096
6096
6098
5401
5873
6099
6092
6093
6096
6096
6096
5707
5546
6102
6095
6090
6094
6097
6094
6053
5253
6100
6097
6092
6093
6095
6096
6098
5435
5823
6100
6093
6093
6096
6095
6096
5779
5517
6101
6094
6092
6095
6096
6097
6096
5268
6103
6099
6093
6094
6096
6096
6095
5475
5787
6101
6093
6092
6094
6096
6097
5795
5468
6102
6096
6092
6093
6096
6094
6099
5270
6073
6097
6091
6094
6096
6096
6094
5491
5717
6102
6093
6092
6096
6093
6095
5841
5442
6100
6096
6091
6095
6095
6097
6097
5262
5998
6099
6093
6092
6095
6096
6096
5580
5688
6102
6094
6089
6096
6097
6096
5888
5383
6102
6096
6089
6094
6095
6095
6098
5318
5937
6097
6091
6095
6096
6094
6097
5610
5627
6100
6094
6093
6097
6095
6096
5947
5310
6102
6095
6091
6095
6095
6096
6100
5344
5905
6100
6094
6095
6096
6095
6097
5678
5587
6103
6094
6093
6095
6096
6095
5982
5361
6104
6097
6090
6095
6096
6097
6095
5401
5895
6099
6092
6094
6094
6098
6093
5699
5560
6102
6097
6090
6095
6095
6097
6041
5267
6099
6097
6090
6094
6094
6096
6097
5429
5827
6100
6095
6091
6096
6097
6096
5772
5520
6103
6095
6093
6095
6097
6095
6099
5278
6096
6095
6090
6096
6096
6095
6098
5466
5780
6099
6093
6093
6096
6095
6096
5777
5491
6105
6094
6091
6095
6095
6097
6096
5279
6096
6098
6089
6095
6097
6096
6096
5536
5712
6102
6093
6092
6093
6096
6094
5874
5411
6101
6093
6090
6096
6096
6095
6099
5250
6013
6098
6091
6095
6097
6096
6097
5586
5680
6102
6092
6091
6096
6097
6095
5887
5393
6103
6097
6089
6094
6096
6097
6098
5291
5956
6099
6092
6092
6096
6097
6095
5680
5644
6103
6094
6091
6093
6095
6098
5929
5314
6105
6095
6092
6095
6095
6095
6097
5328
5900
6096
6091
6094
6096
6096
6094
5661
5573
6102
6092
6090
6095
6096
6097
5984
5267
6102
6095
6092
6095
6095
6097
6097
5382
5882
6100
6090
6092
6095
6095
6098
5690
5534
6104
6096
6093
6096
6096
6095
6015
5271
6103
6097
6091
6096
6097
6096
6096
5390
5829
6100
6094
6092
6096
6096
6096
5736
5565
6103
6095
6093
6096
6096
6093
6076
5246
6089
6097
6093
6095
6096
6095
6095
5497
5779
6103
6095
6091
6095
6095
6097
5773
5477
6103
6095
6091
6094
6097
6096
6097
5282
6027
6096
6094
6092
6095
6096
6095
5491
5713
6100
6092
6094
6095
6096
6095
5857
5412
6105
6093
6090
6095
6096
6095
6098
5260
5995
6100
6092
6094
6094
6096
6096
5582
5683
6100
6095
6093
6094
6097
6096
5896
5362
6103
6094
6092
6095
6096
6097
6096
5267
5958
6099
6090
6092
6095
6097
6094
5623
5623
6105
6095
6094
6097
6095
6096
5935
5287
6104
6096
6092
6095
6097
6095
6098
5345
5896
6097
6091
6094
6096
6098
6097
5648
5581
6103
6095
6093
6094
6095
6097
5978
5254
6104
6093
6092
6093
6095
6097
6098
5431
5874
6100
6093
6094
6095
6097
6096
5677
5550
6105
6096
6091
6094
6094
6094
6034
5260
6100
6097
6093
6095
6096
6095
6099
5421
5807
6099
6092
6093
6096
6096
6096
5742
5464
6104
6094
6092
6097
6096
6097
6064
5263
6092
6096
6093
6095
6097
6096
6096
5483
5795
6101
6093
6094
6096
6097
6096
5784
5488
6103
6093
6091
6096
6095
6096
6098
5285
6066
6099
6091
6094
6096
6096
6095
5507
5736
6103
6093
6091
6094
6096
6096
5851
5432
6102
6096
6090
6093
6097
6096
6098
5320
6004
6098
6092
6094
6098
6097
6095
5580
5693
6101
6093
6092
6095
6094
6096
5891
5387
6106
6095
6091
6096
6095
6096
6098
5296
5968
6100
6091
6092
6097
6094
6097
5640
5676
6099
6095
6091
6094
6096
6096
5913
5338
6102
6095
6090
6096
6096
6096
6098
5323
5914
6098
6092
6090
6095
6096
6096
5689
5598
6102
6091
6093
6092
6095
6095
5996
5303
6103
6094
6092
6095
6096
6096
6097
5412
5882
6098
6092
6094
6095
6095
6097
5711
5581
6102
6094
6092
6095
6094
6096
6048
5306
6103
6096
6093
6094
6096
6097
6095
5447
5819
6099
6092
6090
6096
6095
6094
5737
5540
6103
6094
6091
6095
6095
6096
6089
5412
6103
6096
6092
6093
6094
6095
6095
5472
5797
6099
6094
6092
6096
6097
6096
5782
5499
6101
6094
6092
6094
6094
6096
6099
5310
6096
6098
6093
6092
6095
6095
6097
5495
5728
6100
6094
6092
6097
6096
6096
5831
5411
6104
6095
6092
6094
6097
6096
6096
5284
6056
6096
6091
6093
6093
6093
6098
5580
5714
6101
6093
6094
6096
6094
6094
5898
5393
6104
6095
6091
6094
6096
6095
6099
5276
5992
6099
6094
6093
6095
6097
6096
5620
5691
6102
6094
6091
6096
6096
6096
5921
5352
6102
6095
6092
6094
6097
6098
6099
5344
5922
6095
6094
6093
6095
6097
6095
5669
5586
6101
6095
6091
6095
6096
6095
6008
5300
6103
6096
6092
6095
6096
6096
6096
5394
5880
6098
6093
6091
6096
6095
6097
5785
5597
6103
6094
6093
6095
6095
6096
6026
5280
6097
6096
6093
6095
6098
6096
6096
5419
5837
6100
6092
6091
6094
6098
6096
5753
5493
6102
6094
6091
6095
6094
6096
6073
5257
6097
6096
6090
6096
6096
6096
6097
5487
5800
6101
6095
6092
6096
6098
6096
5784
5499
6102
6094
6089
6096
6095
6094
6094
5303
6093
6097
6091
6094
6097
6096
6094
5491
5736
6102
6091
6092
6096
6096
6096
5832
5479
6104
6092
6090
6093
6096
6096
6097
5278
6026
6099
6092
6094
6095
6095
6095
5583
5703
6102
6095
6092
6094
6096
6094
5890
5372
6105
6096
6088
6096
6095
6096
6097
5293
5979
6099
6092
6094
6097
6096
6096
5596
5659
6099
6094
6092
6096
6095
6095
5901
5339
6103
6094
6091
6094
6097
6096
6100
5314
5936
6096
6096
6091
6096
6095
6096
5659
5597
6104
6097
6093
6095
6096
6095
6002
5281
6102
6094
6092
6093
6097
6095
6096
5387
5876
6099
6092
6093
6095
6097
6097
5706
5591
6104
6096
6091
6096
6095
6095
6027
5283
6101
6095
6093
6092
6095
6097
6097
5418
5822
6101
6092
6090
6094
6096
6096
5748
5534
6103
6094
6091
6095
6095
6095
6076
5280
6099
6096
6091
6093
6095
6095
6094
5552
5791
6100
6093
6091
6094
6095
6095
5793
5487
6102
6093
6092
6096
6096
6094
6097
5329
6098
6098
6094
6095
6096
6096
6096
5556
5783
6099
6092
6092
6094
6096
6096
5880
5474
6104
6095
6091
6097
6095
6096
6098
5295
6018
6098
6091
6094
6096
6096
6097
5593
5703
6101
6094
6092
6098
6095
6096
5907
5396
6104
6094
6088
6096
6095
6097
6100
5312
6001
6096
6092
6093
6095
6096
6096
5662
5713
6102
6095
6091
6095
6097
6096
5966
5416
6104
6093
6090
6095
6097
6095
6098
5361
5948
6097
6092
6093
6096
6095
6096
5701
5658
6101
6094
6091
6096
6093
6096
5993
5328
6105
6093
6091
6095
6098
6097
6097
5394
5901
6101
6092
6094
6095
6097
6096
5700
5623
6101
6094
6090
6095
6095
6096
6009
5308
6102
6096
6090
6094
6097
6097
6097
5474
5864
6101
6095
6092
6095
6096
6096
5766
5578
6101
6097
6091
6096
6095
6096
6081
5301
6099
6097
6090
6094
6097
6097
6096
5507
5811
6099
6092
6094
6097
6096
6096
5794
5488
6102
6095
6090
6095
6096
6097
6092
5333
6096
6097
6091
6093
6096
6097
6097
5572
5769
6100
6091
6093
6094
6096
6095
5856
5408
6105
6094
6092
6096
6096
6095
6097
5391
6022
6099
6092
6095
6095
6096
6097
5627
5718
6100
6095
6091
6094
6095
6098
5905
5393
6104
6097
6091
6093
6094
6095
6097
5285
6006
6096
6090
6093
6097
6096
6095
5638
5683
6105
6094
6090
6095
6097
6096
5946
5376
6104
6096
6094
6096
6095
6094
6098
5349
5915
6096
6093
6094
6095
6094
6095
5663
5634
6103
6094
6091
6095
6098
6096
5989
5333
6101
6094
6091
6094
6096
6096
6095
5401
5905
6098
6092
6093
6096
6096
6095
5721
5610
6104
6094
6091
6095
6097
6095
6021
5302
6101
6095
6091
6093
6093
6097
6098
5430
5844
6101
6094
6091
6095
6095
6097
5756
5572
6102
6094
6091
6095
6096
6095
6069
5334
6098
6098
6091
6095
6097
6097
6098
5500
5799
6098
6092
6092
6094
6095
6096
5807
5507
6103
6093
6091
6097
6095
6095
6099
5280
6086
6093
6091
6091
6095
6095
6096
5507
5780
6101
6093
6090
6092
6094
6098
5818
5470
6106
6092
6093
6092
6095
6097
6096
5339
6032
6097
6092
6095
6095
6096
6095
5632
5715
6101
6094
6093
6093
6095
6095
5896
5409
6105
6093
6093
6096
6096
6096
6097
5278
5999
6098
6091
6095
6095
6097
6097
5615
5690
6104
6094
6093
6096
6096
6096
5949
5460
6104
6096
6091
6095
6096
6095
6097
5340
5926
6099
6093
6094
6098
6097
6096
5669
5598
6103
6093
6091
6095
6095
6096
6002
5289
6102
6094
6093
6094
6097
6096
6095
5384
5899
6099
6094
6093
6095
6097
6096
5687
5573
6102
6095
6091
6095
6095
6097
6023
5279
6098
6096
6091
6096
6095
6097
6097
5396
5814
6097
6089
6093
6096
6096
6095
5705
5549
6102
6094
6090
6096
6097
6096
6047
5274
6102
6098
6090
6093
6095
6094
6096
5468
5800
6100
6091
6092
6096
6096
6096
5797
5492
6106
6094
6091
6094
6098
6096
6096
5295
6093
6097
6090
6092
6094
6093
6096
5488
5731
6100
6094
6092
6095
6097
6096
5817
5440
6103
6095
6091
6097
6096
6096
6098
5325
6007
6098
6093
6093
6096
6095
6094
5615
5698
6100
6095
6093
6096
6096
6094
5878
5375
6102
6092
6091
6096
6095
6096
6097
5298
5978
6099
6091
6093
6094
6097
6096
5637
5669
6101
6095
6091
6096
6095
6096
5940
5347
6105
6094
6092
6096
6095
6095
6099
5323
5912
6099
6093
6092
6096
6098
6096
5669
5595
6103
6095
6089
6096
6096
6097
5969
5288
6105
6094
6091
6095
6097
6095
6097
5380
5884
6099
6091
6091
6095
6094
6097
5681
5644
6105
6092
6092
6095
6095
6096
6012
5286
6102
6093
6091
6094
6097
6096
6096
5430
5834
6099
6094
6093
6094
6095
6096
5704
5521
6104
6095
6091
6096
6096
6096
6030
5260
6091
6097
6092
6095
6097
6096
6095
5473
5790
6100
6094
6091
6096
6095
6097
5786
5472
6103
6093
6091
6095
6095
6096
6098
5270
6058
6097
6092
6095
6098
6094
6095
5513
5734
6105
6093
6091
6097
6095
6095
5809
5378
6102
6094
6091
6094
6095
6097
6099
5279
6001
6099
6091
6094
6094
6096
6097
5567
5683
6101
6095
6094
6097
6096
6096
5878
5380
6104
6097
6089
6094
6097
6096
6097
5271
5938
6101
6092
6092
6096
6097
6096
5592
5647
6100
6095
6093
6095
6094
6095
5934
5310
6103
6096
6090
6092
6096
6096
6098
5432
5897
6100
6095
6093
6095
6096
6096
5653
5577
6101
6095
6091
6094
6096
6096
5992
5269
6101
6097
6092
6096
6096
6094
6097
5381
5881
6101
6093
6093
6095
6095
6095
5709
5569
6102
6094
6091
6095
6094
6096
6027
5282
6099
6097
6090
6093
6096
6096
6096
5418
5838
6100
6091
6092
6094
6097
6096
5748
5524
6106
6096
6091
6096
6095
6095
6080
5279
6092
6097
6091
6094
6097
6095
6095
5460
5790
6101
6095
6092
6097
6097
6096
5788
5503
6104
6094
6090
6094
6093
6096
6098
5294
6068
6096
6093
6094
6097
6095
6096
5721
5899
6097
6095
6093
6096
6097
6096
6091
6092
6101
6096
6094
6096
6097
6096
6099
6089
6108
6096
6097
6094
6099
6094
6096
6099
6096
6098
6095
6095
6095
6095
6095
6096
6096
6103
6095
6093
6095
6096
6095
6100
6088
6102
6095
6095
6096
6095
6096
6096
6100
6096
6097
6095
6093
6096
6098
6096
6099
6099
6104
6096
6094
6095
6097
6097
6100
6096
6103
6095
6096
6095
6095
6096
6097
6096
6097
6099
6096
6093
6096
6096
6096
6100
6090
6105
6097
6095
6092
6096
6096
6097
6094
6102
6099
6096
6093
6094
6096
6097
6100
6098
6103
6096
6096
6095
6095
6096
6099
6094
6104
6095
6095
6095
6098
6095
6096
6094
6103
6096
6094
6095
6098
6094
6097
6097
6098
6103
6097
6095
6095
6096
6096
6101
6093
6105
6094
6096
6096
6096
6096
6096
6097
6103
6096
6096
6093
6098
6096
6096
6096
6097
6104
6096
6095
6096
6096
6096
6100
6090
6106
6095
6095
6096
6096
6096
6096
6099
6099
6100
6094
6094
6096
6096
6098
6098
6094
6100
6094
6095
6095
6095
6094
6099
6093
6105
6096
6095
6093
6095
6096
6095
6094
6093
6099
6094
6096
6094
6096
6098
6096
6096
6104
6095
6097
6094
6096
6093
6097
6090
6105
6095
6094
6095
6097
6095
6094
6095
6094
6101
6096
6095
6096
6096
6096
6100
6093
6103
6095
6094
6096
6095
6097
6098
6095
6102
6098
6096
6095
6097
6096
6096
6101
6095
6101
6097
6094
6095
6097
6096
6097
6097
6102
6095
6096
6094
6097
6096
6097
6092
6101
6098
6096
6093
6095
6094
6095
6098
6096
6101
6096
6097
6094
6097
6093