23871.87
24398.49
24076.75
24417.18
24127.22
24432.12
24466.21
24356.22
24458.62
24115.16
24428.22
24141.82
24431.78
24145.78
24432.18
24118.82
24426.78
24138.98
24421.60
24466.96
24354.50
24455.75
24119.38
24432.24
24112.52
24427.95
24143.59
24429.26
24117.63
24425.76
24113.68
24424.47
24461.85
24353.99
24456.60
24105.96
24428.20
24074.32
24424.13
24131.51
24428.05
24128.31
24425.03
24119.91
24424.19
24461.82
24267.58
24447.06
24130.21
24432.42
24075.64
24420.66
24105.97
24425.50
24152.35
24426.54
24140.75
24429.88
24469.59
24286.36
24448.04
24152.81
24432.88
24167.49
24429.85
24086.19
24422.62
24081.86
24423.09
24122.41
24419.94
24465.90
24236.49
24443.05
24100.11
24429.41
24091.54
24425.85
24064.19
24415.92
24140.59
24429.86
24231.09
24435.31
24467.43
24180.84
24442.88
24105.49
24434.45
24141.55
24430.85
24108.79
24423.98
24100.00
24428.50
24135.55
24426.66
24465.67
24166.27
24441.43
24113.44
24430.75
24094.38
24422.54
24143.05
24424.71
24088.37
24421.94
24099.79
24415.88
24464.59
24146.36
24437.64
24115.76
24430.08
24070.01
24420.10
24123.01
24425.40
24149.64
24428.07
24115.71
24418.37
24463.94
24153.50
24439.25
24055.63
24423.16
24089.12
24422.01
24089.00
24422.90
24147.59
24431.46
24093.55
24406.26
24459.13
24086.41
24428.04
24139.10
24429.71
24095.17
24421.72
24078.17
24419.12
24130.11
24427.91
24172.39
24422.24
24459.83
24162.08
24435.61
24155.16
24432.22
24072.92
24422.19
24147.52
24427.85
24143.58
24431.06
24175.41
24421.64
24458.86
24069.29
24425.43
24094.74
24427.08
24130.91
24429.79
24091.58
24424.96
24083.90
24422.39
24176.34
24426.24
24463.83
24101.28
24428.63
24186.86
24435.39
24152.44
24430.15
24111.42
24419.74
24073.48
24421.35
24189.74
24420.38
24464.14
24085.11
24429.71
24123.07
24429.01
24114.00
24425.40
24103.74
24428.88
24133.79
24425.58
24203.66
24426.27
24459.33
24167.43
24436.15
24116.52
24429.25
24095.13
24421.71
24170.87
24431.99
24125.10
24431.01
24229.40
24426.14
24466.52
24134.85
24433.79
24142.38
24428.24
24097.73
24426.47
24096.65
24422.77
24103.48
24423.45
24225.95
24426.70
24464.77
24142.78
24438.18
24139.22
24430.62
24206.86
24435.59
24111.06
24422.41
24131.34
24428.04
24281.31
24432.23
24464.42
24091.44
24432.15
24094.51
24427.05
24153.41
24425.74
24176.67
24428.07
24172.41
24436.64
24283.07
24428.81
24460.48
24120.75
24429.68
24159.07
24433.51
24157.65
24433.37
24121.64
24423.46
24117.05
24427.50
24372.15
24427.82
24465.78
24198.68
24435.67
24105.67
24423.67
24133.27
24426.43
24155.14
24424.12
24127.01
24423.10
24396.01
24405.00
24459.00
24155.70
24434.07
24127.11
24430.31
24099.73
24426.67
24120.97
24417.10
24144.31
24432.03
24406.80
24354.78
24458.48
24143.95
24431.09
24153.81
24427.58
24115.66
24428.27
24113.93
24422.69
24137.67
24429.57
24462.36
24351.34
24456.33
24115.83
24425.58
24144.26
24428.43
24149.04
24428.91
24127.49
24422.25
24118.73
24422.27
24459.83
24351.99
24455.50
24082.45
24424.95
24104.59
24426.26
24160.53
24429.15
24142.82
24424.68
24109.07
24424.01
24464.50
24289.45
24452.85
24136.19
24433.92
24085.69
24411.77
24094.28
24423.43
24149.44
24424.45
24127.95
24425.00
24468.20
24306.92
24453.69
24156.07
24434.11
24118.11
24430.31
24106.93
24423.79
24118.88
24425.89
24103.79
24419.88
24463.19
24318.12
24453.91
24154.29
24436.63
24081.46
24422.15
24115.12
24425.51
24130.75
24423.48
24118.85
24422.29
24460.73
24307.08
24453.71
24157.87
24428.89
24121.19
24426.12
24101.11
24420.51
24159.95
24430.00
24159.10
24426.31
24462.03
24286.50
24447.15
24101.41
24420.54
24137.46
24429.55
24089.75
24424.78
24114.48
24423.65
24152.16
24420.22
24465.02
24252.60
24445.56
24121.06
24427.01
24157.00
24432.40
24140.44
24428.95
24150.00
24427.20
24113.82
24414.58
24468.06
24198.91
24438.39
24136.54
24429.45
24131.15
24423.52
24086.45
24422.65
24100.77
24426.78
24159.68
24412.87
24459.79
24160.28
24435.43
24092.14
24425.91
24121.79
24429.78
24151.88
24425.59
24129.86
24423.39
24119.74
24412.48
24463.35
24104.84
24432.58
24137.76
24430.48
24097.95
24419.30
24113.93
24419.09
24117.51
24429.35
24183.34
24412.53
24463.35
24074.24
24425.02
24096.50
24424.55
24092.86
24424.19
24129.72
24425.17
24071.32
24422.93
24163.79
24418.68
24466.67
24127.67
24432.17
24075.62
24424.26
24130.63
24429.76
24142.88
24428.29
24161.63
24428.36
24171.54
24414.06
24462.61
24083.16
24425.92
24086.69
24425.37
24092.94
24421.50
24154.65
24426.76
24114.68
24420.97
24186.10
24429.01
24463.20
24137.22
24434.02
24108.20
24427.52
24121.95
24428.00
24095.90
24423.59
24176.46
24430.75
24257.27
24421.73
24462.47
24103.85
24431.58
24163.76
24430.38
24118.64
24425.87
24109.19
24427.62
24139.06
24429.71
24278.77
24431.08
24468.81
24098.18
24423.82
24105.38
24429.04
24160.81
24430.08
24144.71
24427.57
24132.76
24428.18
24308.32
24440.33
24462.53
24128.16
24434.02
24162.20
24433.82
24194.58
24434.36
24126.24
24423.92
24107.19
24422.92
24365.39
24395.64
24460.76
24145.08
24433.01
24113.50
24425.35
24117.24
24425.73
24116.37
24420.24
24150.93
24426.39
24458.44
24358.14
24457.01
24125.80
24427.48
24135.45
24432.95
24136.00
24426.70
24093.97
24427.00
24117.40
24423.94
24461.80
24324.28
24451.83
24117.18
24428.42
24104.94
24424.50
24104.55
24423.56
24162.96
24427.60
24084.16
24424.22
24462.72
24358.57
24453.46
24093.95
24426.09
24076.81
24425.28
24101.93
24425.99
24141.60
24429.06
24163.51
24425.85
24465.59
24249.96
24445.30
24128.23
24429.52
24151.85
24428.29
24087.83
24414.68
24093.67
24421.57
24100.66
24420.47
24459.65
24267.37
24450.64
24120.66
24424.27
24154.93
24431.29
24104.33
24425.33
24095.63
24420.86
24146.49
24425.05
24469.11
24255.71
24444.07
24098.41
24426.54
24102.95
24423.40
24164.74
24427.77
24094.08
24421.61
24126.76
24427.58
24463.96
24248.00
24446.90
24068.09
24425.31
24057.83
24419.78
24132.88
24427.29
24142.63
24428.26
24073.43
24416.84
24457.49
24215.85
24448.19
24137.52
24429.55
24119.46
24425.05
24122.61
24426.26
24156.03
24429.60
24169.86
24427.39
24466.64
24178.96
24438.20
24134.72
24430.17
24106.92
24421.99
24169.10
24429.11
24132.91
24430.89
24099.79
24416.78
24463.78
24156.18
24436.82
24137.28
24431.33
24116.03
24429.20
24134.72
24422.07
24112.41
24424.34
24194.54
24430.75
24466.08
24084.41
24425.14
24110.02
24428.60
24150.86
24429.99
24141.10
24425.41
24172.14
24430.32
24195.13
24429.91
24465.99
24167.20
24435.22
24125.42
24429.24
24142.83
24431.88
24184.49
24432.45
24284.45
24442.45
24239.54
24428.96
24465.00
24194.10
24433.41
24186.44
24432.65
24202.57
24436.06
24193.91
24427.99
24212.00
24441.50
24284.45
24437.05
24468.50
24188.15
24439.12
24194.21
24437.92
24203.09
24435.21
24199.22
24433.92
24187.39
24435.44
24326.15
24441.22
24468.02
24182.70
24435.87
24180.39
24429.34
24188.73
24431.97
24189.00
24435.60
24126.36
24424.84
24298.08
24440.21
24463.42
24186.74
24438.08
24174.31
24433.23
24139.62
24423.46
24206.15
24431.91
24161.99
24433.80
24337.68
24458.57