23633
23730
24290
22845
24285
22904
24285
22894
24290
23533
23785
24291
22949
24289
23018
24286
23349
24289
23633
23730
24290
22845
24285
22904
24285
22894
24290
23533
23785
24291
22949
24289
23018
24286
23349
23989
22784
24298
23408
23866
24304
22907
24291
22829
24294
22829
24297
23341
23892
24275
22966
24298
22826
24292
22838
24295
23239
24005
24158
23244
24305
22824
24298
22853
24293
23120
24095
24081
23197
24308
22934
24297
22916
24299
23044
24156
23981
23412
24299
22838
24294
22791
24293
22967
24218
23860
23369
24305
22794
24295
22850
24301
22921
24291
23804
23589
24304
22896
24303
22880
24290
22855
24298
23684
23588
24307
22817
24299
22910
24292
22918
24301
23611
23653
24304
22883
24300
22837
24294
22872
24291
23540
23738
24309
22873
24300
22946
24298
22864
24301
23371
23832
24299
22958
24297
22823
24296
22847
24300
23373
23960
24238
23165
24298
22857
24291
22831
24297
23157
24036
24187
23204
24301
22867
24302
22842
24295
23108
24244
24035
23262
24302
22863
24296
22827
24299
23034
24143
23916
23326
24307
22818
24294
22816
24290
22931
24256
23853
23557
24305
22802
24299
22831
24297
22849
24300
23742
23485
24299
22753
24296
22781
24292
22798
24295
23635
23541
24306
22798
24295
22779
24292
22781
24294
23549
23659
24301
22829
24292
22785
24299
22828
24291
23404
23816
24299
22853
24292
22833
24296
22789
24295
23345
23882
24238
22985
24296
22806
24288
22895
24299
23188
23965
24157
23088
24300
22746
24292
22797
24288
23164
24186
24006
23181
24302
22720
24291
22687
24294
22942
24124
23885
23311
24301
22666
24291
22550
24293
22838
24117
23785
23216
24297
22540
24298
22655
24288
22787
24188
23709
23301
24296
22601
24290
22615
24287
22691
24294
23623
23419
24296
22571
24288
22672
24289
22583
24286
23526
23599
24296
22583
24288
22581
24286
22582
24288
23408
23597
24301
22772
24294
22579
24282
22571
24289
23297
23687
24211
22899
24294
22619
24284
22517
24287
23181
23845
24211
22924
24292
22598
24284
22522
24288
23039
23921
24020
22922
24291
22652
24292
22667
24285
22968
24027
23948
23147
24290
22603
24284
22651
24281
22917
24107
23841
23345
24291
22691
24289
22607
24288
22808
24189
23736
23311
24296
22578
24285
22614
24284
22722
24279
23644
23319
24291
22663
24289
22694
24281
22654
24279
23552
23545
24292
22564
24291
22579
24287
22564
24292
23421
23561
24295
22695
24290
22614
24288
22582
24287
23327
23690
24266
22809
24290
22607
24288
22624
24287
23239
23774
24194
22829
24288
22633
24286
22560
24292
23215
23885
24083
22909
24289
22571
24283
22590
24285
23014
23959
23972
23142
24296
22575
24284
22567
24288
22987
24169
23867
23261
24292
22601
24285
22615
24285
22809
24124
23754
23257
24298
22549
24280
22557
24286
22787
24283
23663
23302
24293
22619
24287
22607
24281
22671
24271
23598
23385
24288
22622
24281
22591
24282
22612
24278
23469
23556
24297
22629
24287
22658
24285
22673
24287
23378
23623
24292
22760
24292
22591
24280
22584
24283
23295
23736
24241
22798
24294
22703
24281
22615
24282
23152
23827
24106
22879
24293
22542
24283
22566
24286
23067
23911
23996
22985
24285
22653
24284
22660
24291
22994
23987
23945
23038
24282
22666
24285
22559
24282
22886
24083
23846
23110
24291
22616
24282
22593
24277
22822
24172
23755
23195
24288
22694
24286
22625
24282
22714
24206
23662
23372
24294
22564
24282
22604
24281
22714
24267
23544
23562
24293
22517
24282
22520
24281
22550
24278
23379
23613
24292
22613
24283
22589
24283
22670
24289
23362
23604
24292
22911
24280
22641
24280
22555
24286
23263
23697
24198
22759
24281
22532
24284
22662
24289
23142
23818
24115
22843
24291
22558
24280
22553
24287
23058
23964
24011
22975
24287
22582
24281
22553
24286
22921
23972
23855
23090
24289
22567
24282
22566
24281
22855
24203
23903
23247
24292
22496
24284
22575
24281
22771
24131
23715
23213
24290
22557
24289
22691
24287
22702
24239
23611
23497
24291
22654
24285
22585
24282
22633
24279
23548
23440
24287
22589
24288
22571
24282
22572
24277
23392
23560
24301
22604
24288
22601
24282
22561
24287
23381
23732
24201
22698
24289
22633
24290
22579
24294
23226
23798
24176
22833
24292
22667
24283
22723
24285
23224
24041
24106
22987
24297
22673
24287
22723
24290
23067
24084
24026
23125
24294
22707
24288
22803
24289
23014
24148
23926
23274
24291
22784
24289
22885
24292
22953
24262
23802
23431
24286
22848
24283
22875
24283
22956
24285
23732
23616
24294
23400
24293
23821
24292
23847
24296
24185
24080
24301
23974
24297
23953
24294
23907
24297
24142
24142
24294
23922
24293
23876
24294
23920
24298
24071
24124
24302
23876
24296
23946
24290
23819
24300
24012
24208
24296
23826
24298
23780
24292
23710
24297
23456
24211
24223
23093
24290
22893
24289
22890
24294
23234
24094
24174
23521
24293
23892
24295