5835
6095
5281
5828
6094
6089
6086
6092
6088
6092
5521
5473
6094
6087
6083
6088
6089
6090
5859
5193
6086
6089
6083
6086
6091
6088
6094
5197
5774
6095
6089
6089
6092
6090
6090
5573
5406
6095
6088
6088
6093
6090
6090
5910
5176
6029
6093
6085
6089
6088
6091
6090
5272
5745
6094
6088
6085
6090
6091
6094
5622
5374
6098
6088
6085
6092
6089
6091
5948
5184
6037
6093
6086
6091
6089
6090
6091
5293
5726
6095
6086
6088
6088
6091
6092
5664
5362
6096
6087
6087
6092
6089
6090
6035
5185
5985
6091
6088
6088
6089
6088
6091
5355
5676
6096
6089
6087
6087
6089
6091
5763
5322
6095
6090
6083
6090
6091
6089
6064
5229
5951
6091
6088
6087
6089
6090
6090
5363
5593
6097
6088
6087
6090
6088
6090
5779
5313
6099
6090
6087
6090
6089
6089
6086
5208
5972
6092
6087
6088
6091
6091
6091
5485
5583
6096
6086
6088
6089
6089
6089
5845
5310
6097
6089
6084
6090
6090
6088
6091
5215
5890
6092
6089
6089
6090
6089
6088
5549
5565
6099
6087
6087
6089
6089
6091
5894
5256
6097
6089
6085
6089
6090
6092
6093
5253
5874
6096
6087
6088
6090
6092
6089
5622
5549
6098
6088
6086
6088
6091
6090
5985
5297
6094
6088
6086
6089
6089
6092
6092
5319
5846
6096
6085
6088
6089
6089
6088
5669
5534
6098
6091
6085
6089
6091
6089
5992
5252
6091
6090
6084
6092
6090
6089
6090
5399
5788
6096
6088
6087
6092
6088
6090
5718
5455
6096
6087
6087
6089
6089
6089
6084
5245
6088
6090
6087
6092
6091
6090
6094
5426
5758
6093
6092
6087
6091
6090
6090
5764
5462
6096
6087
6085
6088
6090
6089
6091
5275
6069
6089
6092
6089
6091
6088
6090
5524
5741
6096
6087
6092
6089
6090
6090
5842
5455
6099
6088
6090
6089
6089
6090
6087
5308
6000
6094
6088
6090
6088
6093
6089
5582
5655
6095
6088
6087
6088
6091
6090
5878
5361
6100
6090
6087
6091
6089
6092
6093
5281
5980
6092
6088
6088
6091
6089
6089
5693
5639
6096
6089
6088
6090
6089
6090
5943
5359
6097
6089
6086
6088
6090
6088
6092
5325
5896
6093
6086
6086
6092
6090
6089
5659
5580
6098
6089
6088
6088
6092
6091
5992
5277
6096
6088
6087
6090
6089
6089
6092
5347
5878
6093
6088
6088
6090
6091
6090
5672
5527
6101
6089
6087
6088
6091
6092
6011
5280
6097
6091
6086
6090
6089
6089
6092
5397
5806
6093
6088
6087
6088
6089
6089
5721
5621
6096
6088
6085
6089
6087
6088
6086
5250
6094
6090
6086
6089
6089
6089
6090
5507
5789
6096
6089
6087
6091
6090
6090
5766
5473
6098
6090
6085
6088
6090
6088
6092
5279
6031
6092
6087
6089
6090
6089
6088
5474
5766
6093
6088
6088
6088
6088
6089
5841
5390
6101
6089
6084
6089
6089
6088
6095
5293
6002
6090
6086
6086
6091
6093
6088
5587
5663
6097
6087
6089
6089
6088
6089
5881
5356
6097
6090
6088
6090
6088
6088
6093
5286
5969
6093
6087
6087
6089
6088
6088
5643
5630
6096
6089
6088
6090
6088
6090
5922
5336
6094
6090
6086
6089
6088
6089
6091
5341
5889
6092
6085
6089
6091
6091
6089
5655
5579
6098
6088
6089
6088
6089
6090
5989
5297
6099
6089
6086
6088
6092
6093
6091
5419
5869
6092
6089
6088
6089
6091
6090
5685
5520
6100
6088
6085
6089
6090
6092
6030
5255
6095
6093
6087
6089
6089
6090
6089
5387
5785
6095
6088
6088
6089
6091
6091
5758
5464
6098
6088
6087
6091
6089
6092
6071
5260
6093
6092
6088
6088
6091
6088
6092
5506
5760
6092
6087
6086
6091
6089
6092
5791
5463
6096
6090
6085
6090
6090
6089
6087
5240
6018
6091
6089
6089
6090
6091
6089
5497
5710
6095
6090
6085
6087
6089
6090
5833
5396
6099
6088
6088
6089
6090
6089
6092
5295
5982
6090
6088
6088
6089
6089
6088
5595
5661
6097
6090
6086
6090
6091
6086
5877
5333
6097
6089
6087
6089
6090
6088
6092
5252
5926
6093
6086
6088
6089
6089
6090
5615
5597
6098
6088
6086
6090
6089
6090
5932
5313
6098
6089
6084
6089
6089
6088
6090
5328
5881
6093
6087
6089
6089
6089
6090
5658
5556
6098
6088
6088
6088
6090
6088
5993
5258
6095
6089
6086
6089
6089
6089
6091
5387
5838
6094
6088
6089
6088
6092
6087
5695
5532
6100
6087
6088
6090
6089
6089
6063
5252
6092
6090
6089
6088
6088
6090
6090
5407
5806
6096
6085
6088
6090
6088
6091
5758
5497
6099
6088
6086
6089
6092
6090
6085
5385
6091
6093
6086
6090
6093
6088
6089
5534
5723
6093
6088
6086
6090
6088
6090
5849
5444
6097
6090
6088
6090
6089
6088
6091
5312
6000
6090
6089
6089
6089
6090
6088
5573
5690
6095
6087
6082
6091
6090
6088
5879
5393
6096
6087
6085
6089
6091
6089
6092
5279
5995
6091
6086
6087
6091
6090
6092
5605
5672
6097
6088
6089
6088
6093
6089
5943
5348
6098
6089
6086
6088
6089
6090
6095
5313
5963
6092
6087
6086
6089
6089
6089
5673
5620
6096
6089
6086
6090
6088
6090
5986
5320
6095
6089
6087
6089
6090
6089
6091
5347
5876
6093
6088
6087
6089
6088
6090
5685
5515
6096
6090
6088
6089
6092
6090
6022
5226
6093
6091
6086
6089
6091
6089
6089
5381
5860
6094
6087
6085
6089
6091
6091
5760
5558
6098
6090
6087
6088
6090
6089
6087
5259
6091
6092
6083
6090
6089
6092
6090
5475
5787
6094
6089
6086
6088
6090
6091
5781
5465
6100
6088
6087
6092
6089
6090
6092
5255
6084
6091
6087
6090
6090
6088
6088
5480
5770
6094
6088
6087
6091
6090
6088
5841
5469
6099
6089
6089
6090
6089
6092
6091
5294
6034
6090
6088
6089
6088
6091
6091
5602
5668
6093
6090
6087
6088
6088
6090
5892
5473
6098
6088
6085
6088
6089
6092
6092
5265
5975
6092
6088
6088
6090
6089
6088
5625
5630
6099
6091
6087
6089
6089
6090
5961
5353
6095
6088
6088
6088
6090
6092
6093
5317
5892
6093
6086
6088
6092
6090
6090
5649
5576
6096
6089
6087
6090
6088
6089
5984
5289
6096
6090
6086
6088
6088
6089
6094
5345
5872
6093
6088
6087
6089
6090
6090
5674
5563
6100
6089
6086
6089
6088
6091
6015
5245
6097
6087
6087
6090
6092
6089
6091
5383
5846
6097
6088
6086
6089
6090
6089
5750
5469
6098
6087
6088
6088
6090
6089
6078
5256
6087
6089
6085
6087
6090
6092
6087
5478
5754
6093
6089
6088
6089
6091
6089
5779
5437
6098
6089
6086
6089
6089
6088
6092
5253
6033
6091
6086
6088
6089
6088
6087
5565
5706
6095
6089
6087
6091
6089
6090
5848
5417
6099
6089
6087
6090
6090
6087
6089
5275
5991
6094
6090
6091
6090
6089
6089
5578
5672
6097
6086
6087
6088
6090
6090
5909
5344
6097
6088
6084
6090
6090
6089
6095
5237
5967
6093
6087
6087
6090
6090
6088
5609
5629
6100
6088
6085
6088
6088
6092
5933
5349
6100
6088
6086
6089
6089
6092
6093
5354
5882
6091
6088
6090
6089
6089
6089
5663
5639
6096
6090
6086
6091
6089
6089
5993
5265
6092
6090
6085
6090
6091
6090
6091
5379
5866
6094
6091
6087
6091
6089
6091
5701
5546
6098
6089
6087
6089
6089
6091
6054
5278
6093
6089
6086
6090
6091
6088
6091
5423
5797
6094
6091
6086
6089
6090
6089
5755
5459
6100
6089
6088
6091
6088
6089
6088
5228
6089
6093
6086
6088
6089
6089
6090
5461
5769
6093
6086
6086
6088
6090
6089
5809
5456
6096
6088
6085
6089
6089
6088
6089
5248
6027
6092
6087
6088
6088
6092
6091
5540
5672
6098
6088
6088
6089
6088
6091
5863
5353
6099
6088
6086
6090
6090
6089
6088
5264
5994
6092
6087
6087
6089
6091
6089
5546
5652
6095
6088
6084
6090
6090
6089
5894
5312
6098
6088
6085
6088
6090
6089
6091
5359
5949
6091
6087
6087
6090
6091
6087
5621
5595
6096
6087
6086
6089
6092
6090
5937
5276
6097
6092
6084
6088
6088
6091
6090
5331
5875
6095
6086
6088
6089
6090
6087
5656
5547
6097
6088
6086
6090
6089
6090
6001
5243
6092
6088
6085
6090
6089
6089
6092
5362
5824
6094
6089
6087
6090
6090
6093
5692
5520
6099
6086
6089
6089
6088
6090
6042
5244
6089
6090
6086
6088
6091
6090
6090
5440
5777
6096
6089
6087
6090
6090
6089
5772
5453
6099
6088
6085
6089
6088
6091
6089
5227
6091
6088
6085
6087
6088
6089
6089
5476
5711
6099
6090
6087
6089
6088
6089
5816
5422
6092
6088
6084
6088
6089
6089
6094
5235
6000
6091
6090
6088
6088
6092
6091
5512
5685
6095
6089
6086
6091
6090
6091
5859
5369
6097
6089
6087
6089
6092
6091
6091
5272
5955
6093
6088
6088
6089
6089
6091
5599
5625
6096
6088
6086
6090
6090
6089
5912
5304
6099
6089
6083
6089
6091
6089
6091
5267
5891
6093
6085
6088
6089
6089
6088
5658
5586
6096
6088
6086
6089
6090
6088
5963
5257
6095
6089
6083
6090
6089
6091
6089
5309
5877
6094
6085
6089
6087
6090
6089
5671
5528
6099
6090
6085
6088
6092
6090
5994
5338
6095
6092
6086
6090
6088
6089
6088
5405
5848
6093
6086
6088
6090
6090
6090
5722
5497
6099
6088
6085
6089
6090
6088
6081
5272
6084
6089
6086
6089
6089
6091
6089
5450
5779
6093
6088
6085
6092
6089
6088
5771
5439
6097
6088
6084
6090
6090
6089
6092
5220
6021
6090
6088
6088
6088
6089
6092
5469
5746
6098
6088
6086
6089
6089
6089
5872
5401
6099
6087
6084
6087
6090
6089
6089
5249
6007
6088
6086
6090
6089
6088
6089
5551
5664
6096
6087
6086
6089
6088
6089
5888
5333
6100
6088
6088
6090
6088
6091
6092
5269
5932
6093
6088
6086
6089
6088
6088
5630
5560
6098
6090
6087
6090
6088
6089
5935
5267
6094
6091
6087
6089
6090
6089
6092
5322
5875
6090
6088
6087
6090
6090
6088
5714
5554
6098
6088
6087
6089
6090
6088
5984
5238
6093
6091
6088
6087
6087
6090
6092
5374
5838
6095
6088
6086
6089
6089
6090
5686
5497
6098
6088
6083
6089
6088
6089
6059
5253
6094
6089
6087
6086
6089
6089
6092
5429
5778
6094
6089
6087
6089
6090
6090
5750
5458
6096
6088
6085
6090
6089
6093
6088
5219
6087
6093
6085
6089
6090
6088
6090
5480
5721
6094
6087
6086
6089
6090
6090
5808
5504
6097
6088
6087
6089
6090
6088
6086
5247
6022
6090
6088
6090
6089
6090
6088
5840
5949
6092
6091
6089
6088
6089
6089
6032
6040
6100
6090
6089
6089
6088
6090
6094
6024
6095
6088
6088
6089
6091
6089
6088
6084
6086
6094
6089
6089
6089
6089
6088
6081
6046
6100
6089
6088
6089
6087
6090
6092
6052
6083
6090
6087
6090
6089
6090
6091
6074
6044
6096
6090
6088
6090
6088
6090
6022
5875
6101
6089
6089
6088
6090
6088
6091
5596
5950
6090
6088
6086
6092
6088
6090
5854
5864
6095
6088
6090
6088
6091
6089
6093
5884
6102
6088
6089
6087
6088
6088
6090
5912
6023
6094
6091
6090
6089
6094
6089
5871
5857
6099
6089
6089
6089
6088
6088
6094
5699
6099
6088
6088
6088
6091
6090
6090
5912
6008
6093
6087
6087
6090
6090
6088
5931
5955
6099
6088
6089
6090
6089
6091
6093
5873
6101
6090
6088
6088
6089
6089
6089
5985
6000
6090
6089
6087
6089
6088
6089
6033
6018
6099
6088
6090
6090
6090
6089
6094
5991
6097
6091
6088
6088
6089
6091
6088
6053
6073
6094
6090
6088
6088
6090
6090
6083
6067
6099
6089
6088
6089
6089
6089
6091
6062
6093
6089
6088
6088
6089
6089
6089
6082
6081
6096
6088
6089
6089
6090
6091
6089
6078
6101
6090
6087
6088
6088
6088
6090
6073
6088
6093
6089
6088
6091
6087
6090
6087
6086
6095
6089
6089
6092
6089
6089
6088
6069
6098
6089
6089
6088
6090
6089
6090
6077
6093
6091
6091
6088
6089
6089
6091
6092
6074
6097
6089
6089
6090
6088
6090
6094
6071
6100
6090
6088
6086
6090
6089
6091
6077
6092
6095
6088
6089
6087
6093
6089
6087
6084
6099
6088
6089
6090
6091
6091
6093
6074
6101
6089
6089
6088
6088
6092
6089
6079
6090
6094
6088
6088
6089
6089
6089
6089
6076
6099
6090
6089
6091
6089
6087
6093
6083
6097
6088
6088
6087
6089
6090
6089
6085
6082
6091
6088
6089
6090
6088
6092
6090
6077
6099
6088
6089
6089
6088
6089
6091
6079
6100
6089
6088
6089
6090
6087
6090
6092
6085
6095
6089
6088
6089
6091
6090
6092
6071
6098
6092
6088
6089
6089
6091
6092
6074
6093
6090
6088
6088
6088
6089
6088
6086
6084
6095
6088
6089
6092
6091
6089
6089
6078
6100
6089
6088
6088
6090
6091
6092
6081
6091
6094
6090
6087
6088
6091
6091
6086
6087
6094
6091
6088
6089
6091
6090
6093
6078
6101
6090
6087
6088
6090
6090
6090
6087
6097
6091
6088
6087
6090
6091
6090
6088
6083
6098
6090
6090
6089
6090
6089
6093
6081
6101
6090
6091
6088
6089
6089
6091
6084
6090
6094
6089
6088
6088
6090
6089
6090
6081
6099
6088
6089
6089
6092
6091
6093
6079
6100
6090
6088
6089
6088
6089
6087
6085
6087
6096
6088
6089
6090
6088
6088
6092
6086
6098
6089
6088
6092
6089
6089
6092
6083
6098
6090
6088
6089
6089
6089
6088
6090
6090
6092
6089
6088
6089
6092
6090
6092
6079
6099
6090
6088
6088
6089
6089
6092
6084
6096
6089
6089
6090
6089
6089
6088
6085
6082
6095
6089
6088
6089
6091
6089
6094
6081
6100
6088
6090
6089
6088
6089
6091
6084
6095
6091
6088
6090
6088
6091
6089
6090
6081
6096
6090
6088
6088
6089
6090
6092
6082
6101
6089
6089
6087
6090
6089
6089
6081
6094
6092
6088
6089
6088
6089
6089
6087
6084
6096
6092
6087
6088
6090
6089
6094
6080
6102
6090
6087
6088
6090
6089
6090
6081
6091
6091
6089
6088
6091
6087
6090
6089
6084
6098
6089
6088
6091
6090
6090
6094
6078
6101
6088
6090
6089
6089
6090
6091
6085
6090
6091
6090
6087
6089
6089
6089
6087
6076
6097
6089
6088
6090
6089
6088
6092
6079
6099
6091
6088
6088
6088
6090
6089
6086
6087
6096
6088
6090
6088
6091
6088
6092
6077
6098
6089
6090
6088
6088
6090
6091
6078
6100
6090
6088
6088
6088
6090
6090
6082
6083
6094
6089
6087
6088
6091
6088
6091
6072
6099
6088
6090
6088
6089
6088
6090
6068
6082
6091
6088
6087
6089
6089
6089
6089
6078
6094
6089
6087
6088
6089
6089
6093
6070
6099
6089
6088
6091
6088
6087
6090
6077
6095
6095
6088
6089
6088
6091
6088
6082
6084
6099
6088
6088
6089
6089
6088
6093
6071
6102
6089
6090
6092
6088
6090
6090
6083
6090
6092
6089
6090
6088
6089
6090
6079
6079
6097
6090
6089
6088
6088
6092
6092
6072
6101
6091
6088
6088
6089
6088
6089
6077
6091
6090
6088
6087
6093
6089
6089
6088
6087
6098
6089
6086
6088
6089
6089
6092
6073
6101
6089
6090
6089
6090
6089
6089
6085
6094
6093
6090
6088
6088
6090
6087
6091
6077
6100
6086
6089
6087
6090
6088
6093
6079
6098
6089
6088
6086
6091
6091
6090
6093
6087
6094
6089
6090
6088
6090
6088
6090
6080
6100
6089
6087
6089
6089
6089
6094
6072
6097
6089
6090
6088
6088
6090
6089
6087
6085
6097
6090
6087
6091
6088
6088
6091
6071
6100
6089
6088
6089
6089
6089
6090
6074
6092
6089
6089
6087
6090
6088
6092
6086
6088
6095
6091
6091
6088
6086
6089
6094
6073
6099
6089
6088
6088
6089
6089
6092
6076
6094
6093
6088
6087
6092
6090
6089
6090
6081
6098
6088
6088
6089
6089
6089
6095
6075
6098
6088
6088
6088
6088
6089
6090
6093
6088
6092
6089
6087
6089
6090
6090
6083
6075
6098
6090
6088
6090
6088
6090
6094
6073
6100
6088
6088
6087
6089
6089
6089
6087
6090
6094
6089
6089