7289.70
12435.99
16040.49
18562.15
20328.80
21562.76
22430.43
23034.50
23459.15
23754.01
23964.91
24106.83
24208.58
24280.11
24329.27
24365.79
24388.35
24409.25
24419.67
24430.57
24434.60
24439.82
24440.17
24444.62
24441.74
24444.51
24445.56
24445.09
24447.16
24445.91
24448.34
24446.44
24447.51
24445.56
24447.49
24445.54
24447.48
24444.64
24445.34
24446.44
24446.01
24448.11
24447.17
24448.62
24445.74
24447.01
24445.21
24448.45
24446.81
24448.67
24445.77
24446.44
24447.20
24445.34
24445.84
24444.39
24445.77
24444.94
24447.36
24445.15
24447.21
24445.94
24449.56
24446.69
24447.08
24446.76
24445.63
24446.65
24446.15
24447.31
24446.31
24449.22
24447.05
24449.74
24447.12
24449.78
24448.05
24448.33
24447.33
24445.73
24448.21
24446.05
24447.24
24445.97
24447.78
24445.44
24448.91
24444.74
24446.02
24445.41
24445.59
24446.61
24446.13
24447.59
24445.91
24447.74
24446.62
24448.83
24446.18
24450.93
24448.55
24448.99
24446.89
24447.52
24448.27
24446.39
24448.07
24447.15
24447.70
24446.89
24449.63
24448.24
24451.17
24447.22
24449.25
24447.98
24446.48
24447.84
24446.09
24447.26
24446.28
24448.90
24448.33
24451.53
24448.67
24451.47
24447.73
24448.11
24447.18
24447.42
24447.30
24445.11
24449.27
24446.49
24449.04
24446.93
24448.15
24446.01
24449.00
24447.20
24447.44
24446.71
24445.90
24445.93
24443.85
24446.90
24445.73
24448.51
24447.16
24449.21
24447.35
24449.04
24446.33
24445.63
24445.44
24446.21
24447.05
24445.83
24447.38
24445.77
24447.64
24445.95
24448.36
24444.66
24447.16
24443.81
24445.37
24445.56
24444.19
24445.93
24445.35
24447.35
24445.74
24448.52
24445.66
24446.97
24445.78
24447.94
24445.56
24446.29
24447.11
24445.87
24446.21
24444.95
24446.46
24445.72
24448.21
24446.05
24447.53
24446.17
24447.62
24444.43
24445.20
24445.74
24444.62
24446.83
24445.98
24447.19
24445.93
24449.55
24445.49
24447.44
24443.71
24445.29
24443.11
24443.08
24445.45
24445.02
24446.21
24443.75
24446.22
24444.66
24447.76
24446.03
24449.02
24446.02
24446.91
24445.44
24446.21
24446.15
24445.80
24447.96
24446.77
24447.44
24444.91
24446.74
24445.02
24446.81
24444.17
24445.92
24445.34
24444.64
24445.65
24445.15
24447.81
24446.36
24449.25
24447.68
24448.67
24446.07
24449.35
24445.95
24446.26
24444.98
24445.89
24447.12
24446.18
24445.53
24444.17
24446.22
24445.85
24446.50
24445.15
24447.81
24444.56
24445.90
24445.03
24445.62
24446.63
24447.04
24447.93
24445.85
24448.60
24445.42
24447.69
24445.09
24447.16
24444.71
24445.10
24444.77
24445.74
24447.02
24446.41
24447.49
24445.54
24448.08
24446.25
24448.58
24445.70
24447.59
24445.32
24446.42
24445.70
24445.49
24447.44
24445.81
24447.97
24446.48
24448.13
24445.69
24448.18
24446.03
24448.42
24446.20
24446.44
24445.41
24444.99
24445.89
24444.72
24447.81
24446.06
24448.15
24445.40
24447.98
24445.59
24447.21
24444.75
24446.32
24446.23
24445.56
24446.29
24444.41
24446.98
24446.39
24449.27
24445.89
24447.42
24444.60
24445.62
24443.63
24445.54
24444.48
24444.64
24444.75
24443.02
24445.71
24443.70
24445.59
24444.51
24447.06
24445.24
24448.17
24445.42
24444.69
24444.79
24443.95
24443.97
24443.98
24447.28
24445.40
24447.08
24444.66
24445.96
24443.87
24447.21
24445.65
24445.45
24445.02
24445.61
24446.63
24445.54
24447.78
24444.84
24446.99
24444.89
24447.92
24444.95
24446.16
24443.41
24444.19
24444.73
24444.51
24446.16
24444.31
24445.72
24444.00
24448.20
24446.04
24448.13
24445.09
24447.46
24445.53
24444.77
24445.74
24445.22
24445.45
24444.42
24446.39
24444.78
24446.34
24445.64
24446.35
24444.15
24445.30
24444.31
24444.82
24444.58
24443.50
24444.55
24444.69
24445.98
24444.79
24446.95
24445.16
24447.52
24444.66
24445.96
24444.17
24444.12
24445.59
24445.11
24446.88
24444.82
24443.67
24443.17
24446.12
24444.58
24447.11
24444.68
24444.17
24442.62
24443.64
24445.85
24445.29
24446.71
24445.59
24448.12
24445.38
24447.07
24445.55
24448.98
24445.39
24447.07
24445.55
24445.99
24447.19
24446.24
24446.76
24444.14
24447.09
24446.47
24448.43
24446.50
24447.85
24445.50
24446.55
24445.18
24445.43
24446.50
24445.75
24447.03
24445.82
24447.07
24446.15
24448.21
24446.34
24448.64
24445.75
24446.43
24446.30
24444.71
24446.00
24444.20
24447.44
24444.61
24446.82
24446.58
24447.91
24447.03
24448.83
24445.88
24445.91
24445.64
24446.05
24446.93
24445.16
24446.91
24446.04
24448.43
24446.20
24447.94
24446.16
24447.61
24445.33
24445.53
24444.77
24445.74
24446.12
24444.58
24445.61
24443.93
24446.95
24445.46
24448.63
24447.24
24448.67
24445.17
24443.32
24444.42
24444.90
24444.93
24443.75
24445.62
24444.84
24446.69
24445.88
24446.52
24444.26
24446.28
24444.40
24443.98
24444.29
24443.60
24444.62
24442.93
24446.25
24443.18
24445.23
24443.96
24447.57
24446.50
24449.05
24447.24
24446.57
24446.40
24446.58
24446.41
24445.08
24447.16
24445.31
24444.92
24442.84
24447.39
24444.57
24446.50
24444.25
24444.18
24445.02
24443.52
24444.56
24441.39
24443.67
24443.17
24445.52
24443.86
24447.50
24445.55
24448.09
24445.96
24445.97
24445.08
24445.36
24445.85
24445.59
24446.32
24444.42
24446.70
24444.39
24447.27
24445.09
24447.76
24446.93
24446.35
24447.15
24446.50
24446.05
24446.04
24448.13
24445.99
24447.79
24446.06
24448.44