7088.40
11812.08
15463.36
17690.15
19577.41
20548.39
21578.47
21973.73
22575.31
22797.82
23087.97
23350.48
23332.64
23530.15
23349.80
23539.16
23330.31
23528.22
23335.55
23530.39
23311.87
23512.31
23458.82
23537.17
23667.92
23524.84
23666.19
23430.64
23597.25
23358.97
23547.38
23336.07
23529.85
23325.59
23521.32
23474.42
23524.10
23665.37
23478.66
23631.76
23391.83
23574.88
23342.12
23536.18
23335.43
23531.50
23325.55
23517.08
23481.66
23518.36
23657.45
23439.82
23606.37
23376.46
23559.02
23369.41
23552.89
23343.22
23534.26
23350.28
23530.50
23519.25
23510.77
23657.84
23418.19
23592.73
23375.31
23560.62
23332.13
23532.19
23323.34
23525.74
23362.01
23537.51
23554.16
23524.41
23664.09
23412.96
23585.17
23371.22
23555.05
23354.94
23542.16
23344.41
23536.89
23389.32
23560.83
23580.98
23530.58
23671.71
23414.70
23588.79
23350.35
23544.35
23338.44
23538.11
23329.58
23531.00
23395.10
23563.67
23580.27
23533.99
23670.79
23419.75
23589.33
23351.63
23541.94
23333.46
23528.32
23307.42
23510.40
23369.28
23540.50
23588.95
23517.86
23664.00
23402.70
23582.79
23344.95
23536.97
23308.98
23514.18
23268.13
23485.29
23355.60
23531.52
23588.07
23487.84
23637.29
23382.50
23564.15
23302.51
23505.45
23288.42
23495.89
23289.52
23500.27
23407.19
23533.73
23642.71
23537.20
23676.64
23397.45
23578.51
23347.06
23539.34
23329.24
23529.57
23324.80
23523.46
23422.22
23546.66
23635.56
23525.89
23665.42
23417.20
23590.24
23361.87
23548.51
23361.16
23544.71
23381.30
23563.01
23460.41
23563.78
23655.65
23517.15
23661.11
23415.08
23584.85
23360.80
23548.66
23327.96
23523.87
23313.01
23514.61
23451.43
23532.60
23664.12
23505.08
23647.86
23410.30
23584.21
23361.25
23547.47
23331.03
23527.22
23331.25
23526.18
23477.23
23517.96
23659.87
23460.41
23618.39
23373.47
23556.63
23359.04
23549.23
23346.66
23537.86
23346.81
23532.56
23509.89
23514.73
23658.81
23450.07
23615.05
23385.53
23568.67
23354.27
23544.99
23337.69
23535.79
23342.65
23532.95
23518.87
23534.21
23671.85
23450.49
23613.25
23378.57
23560.20
23362.74
23547.92
23361.34
23544.84
23400.59
23572.31
23554.22
23546.05
23681.04
23440.73
23608.21
23382.55
23565.68
23337.78
23535.25
23325.47
23525.73
23365.91
23546.24
23558.47
23548.43
23680.60
23429.62
23597.73
23374.01
23557.31
23361.62
23545.33
23368.53
23555.57
23390.70
23559.69
23569.99
23536.39
23676.37
23412.56
23588.79
23357.56
23549.39
23341.07
23533.65
23336.36
23534.85
23395.99
23557.40
23590.28
23555.09
23686.77
23435.74
23601.72
23380.40
23562.68
23344.08
23538.15
23341.31
23536.22
23428.45
23581.91
23647.94
23565.76
23695.73
23435.41
23604.79
23378.35
23562.45
23347.21
23541.25
23312.58
23518.20
23408.34
23572.64
23617.15
23546.91
23678.93
23421.25
23591.58
23368.20
23551.74
23348.72
23538.40
23342.08
23533.76
23434.83
23582.48
23654.94
23559.26
23692.08
23437.36
23603.15
23385.60
23568.72
23347.11
23539.38
23327.16
23529.32
23434.72
23578.20
23635.44
23531.81
23668.67
23435.37
23600.86
23380.10
23562.17
23347.32
23539.22
23330.36
23523.75
23446.13
23562.19
23661.73
23542.41
23680.29
23418.90
23593.23
23370.86
23559.30
23343.51
23538.36
23329.75
23529.93
23433.35
23558.65
23646.95
23532.07
23672.45
23410.11
23582.58
23368.21
23551.15
23350.40
23541.38
23336.97
23528.38
23459.56
23567.09
23662.47
23504.23
23654.16
23419.51
23592.16
23368.91
23555.84
23327.58
23528.71
23341.00
23530.30
23453.11
23555.68
23679.97
23530.58
23670.21
23424.15
23590.30
23399.41
23573.59
23359.21
23548.15
23356.10
23541.77
23463.84
23537.69
23666.48
23513.64
23661.65
23398.95
23580.47
23361.92
23550.35
23336.64
23533.85
23343.70
23537.59
23475.61
23566.63
23689.44
23526.41
23666.39
23434.67
23600.67
23415.37
23584.46
23364.42
23553.29
23360.61
23545.23
23501.66
23558.76
23690.83
23507.88
23655.82
23406.27
23582.89
23369.62
23558.74
23331.72
23531.60
23353.52
23542.07
23489.85
23548.69
23679.29
23487.20
23638.34
23435.74
23602.62
23410.13
23582.29
23354.51
23546.36
23356.65
23541.85
23486.40
23527.68
23669.67
23473.27
23633.09
23373.56
23560.90
23353.63
23545.14
23342.60
23538.62
23346.13
23535.69
23485.99
23536.39
23672.77
23471.84
23626.09
23401.66
23578.16
23352.52
23545.56
23324.89
23523.23
23343.46
23530.82
23517.08
23520.95
23661.97
23428.58
23594.91
23365.74
23550.91
23342.44
23535.81
23334.87
23526.91
23360.14
23540.40
23580.48
23547.93
23681.45
23423.02
23593.71
23366.70
23554.59
23350.71
23541.00
23334.00
23533.80
23389.86
23565.10
23594.47
23587.73
23709.31
23483.62
23634.33
23399.63
23576.74
23360.52
23546.66
23345.16
23536.82
23411.77
23571.44
23612.71
23554.30
23688.61
23447.83
23611.98
23379.48
23564.74
23394.72
23573.60
23359.82
23552.18
23425.52
23587.37
23626.26
23576.68
23703.08
23439.95
23603.17
23389.52
23568.76
23358.53
23545.87
23374.31
23554.52
23443.36
23586.06
23637.04
23539.23
23677.16
23429.61
23601.03
23375.42
23560.10
23335.97
23533.08
23337.46
23534.72
23431.30
23561.71
23644.60
23546.02
23681.61
23442.93
23606.15
23406.61
23581.92
23376.45
23559.61
23335.63
23529.24
23418.47
23542.53
23638.67
23497.17
23645.92
23378.04
23560.43
23329.60
23529.22
23300.56
23507.69
23321.18
23522.43
23417.30
23533.31
23633.42
23496.19
23645.24
23396.47
23572.73
23347.21
23539.45
23320.31
23519.12
23303.68
23505.08
23428.86
23528.20
23666.14
23486.70
23642.19
23380.83
23566.58
23331.51
23530.56
23289.79
23501.05
23268.84
23486.39
23408.57
23505.30
23641.41
23469.69
23627.88
23357.62
23546.13
23319.89
23521.83
23301.08
23504.76
23285.53
23496.87
23453.41
23529.49
23669.44
23483.01
23635.41
23387.18
23570.73
23321.51
23521.46
23302.32
23510.73
23302.61
23509.73
23463.61
23526.13
23661.69
23482.98
23635.69
23384.98
23564.99
23344.19
23539.13
23333.89
23528.33
23335.93
23529.15
23484.71
23518.99
23663.60
23478.32
23635.42
23391.40
23574.28
23348.89
23541.83
23330.38
23530.66
23302.16
23506.12
23466.48
23514.34
23657.04
23441.63
23605.24
23391.87
23569.81
23369.77
23554.04
23339.23
23532.96
23332.87
23522.81
23503.37
23514.36
23658.25
23465.58
23622.90
23382.63
23566.64
23353.15
23540.61
23329.83
23525.18
23357.13
23537.09
23538.26
23524.99
23667.19
23415.43
23589.30
23365.11
23551.38
23346.37
23542.16
23330.31
23526.72
23373.50
23547.35
23564.65
23527.55
23667.79
23456.95
23614.77
23353.24
23544.57
23346.40
23538.88
23324.71
23520.70
23391.79
23554.75
23585.13
23507.09
23652.86
23396.70
23578.29
23360.11
23550.27
23343.19
23539.63
23306.64
23512.25
23380.48
23554.63
23605.74
23532.32
23668.12
23409.49
23584.24
23351.67
23541.37
23348.66
23542.26
23354.98
23540.99
23441.39
23584.67
23633.37
23546.26
23685.98
23408.49
23583.24
23369.57
23557.20
23342.64
23537.75
23340.12
23537.79
23434.95
23586.47
23637.93
23543.75
23678.82
23431.38
23598.96
23376.08
23557.55
23348.29
23540.80
23359.96
23547.17
23464.62
23574.53
23639.48
23535.23
23674.96
23409.18
23584.62
23354.33
23548.33
23309.74
23514.72
23302.70
23508.29
23401.10
23536.97
23627.58
23508.01
23655.91
23405.74
23577.72
23360.90
23546.93
23337.85
23531.70
23355.69
23542.68
23463.88
23573.71
23654.20
23518.84
23662.59
23408.91
23589.24
23358.16
23548.62
23351.93
23544.55
23351.19
23542.23
23451.56
23567.49
23663.05
23515.73
23658.31
23402.62
23577.63
23371.94
23558.86
23352.50
23542.55
23318.59
23517.91
23450.44
23531.01
23662.11
23471.27
23628.69
23360.89
23549.92
23321.65
23523.95
23296.27
23504.99
23298.89
23506.23
23435.06
23515.74
23652.92
23484.34
23635.44
23393.21
23572.85
23353.89
23543.23
23346.66
23539.96
23353.07
23539.95
23501.57
23557.50
23687.85
23506.39
23655.08
23406.05
23581.83
23345.78
23540.85
23315.29
23517.11
23317.57
23519.30
23475.41
23532.89
23666.72
23498.80
23645.86
23412.50
23586.05
23389.24
23572.77
23506.24
23650.77
23648.14
23754.29
23796.50
23853.05
23891.14
23883.30
23915.31
23897.52
23930.06
23846.64
23893.25
23762.08
23830.75
23714.13
23799.89
23711.72
23782.61
23840.33
23764.63
23828.94
23741.36
23815.65
23739.25
23815.98
23707.08
23791.06
23714.54
23799.28
23780.90
23835.23
23879.26
23850.98
23891.79
23879.55
23910.89
23898.92
23929.25
23915.67
23937.97
23920.58
23944.41
23937.39
23948.67
23959.57
23938.10
23955.17
23934.12
23953.28
23939.70
23958.69
23932.38
23952.07
23925.35
23948.64
23905.25
23911.48
23932.93
23766.45
23830.82
23748.67
23820.77
23694.24
23787.17
23646.12
23748.68
23620.98
23725.68
23731.78
23791.55