24296
24120
23276
24345
22921
24337
23017
24337
23189
24205
24033
23379
24348
23043
24339
22984
24335
23052
24321
23953
23464
24350
22986
24342
22983
24343
23009
24341
23955
23583
24346
22955
24340
22899
24342
23063
24343
23768
23630
24350
22972
24343
23024
24342
22966
24347
23692
23733
24351
22955
24342
22979
24337
22947
24348
23565
23857
24350
22957
24343
22982
24336
22978
24343
23494
23916
24351
23031
24342
23006
24339
22983
24345
23522
24120
24342
23116
24343
22988
24343
23092
24337
23332
24087
24226
23184
24342
23066
24337
23061
24344
23225
24268
24125
23300
24343
22986
24336
22996
24342
23137
24239
24023
23386
24344
22944
24340
23037
24335
23015
24333
23982
23506
24348
23042
24340
22989
24335
23060
24331
23885
23675
24350
22979
24337
22963
24342
22986
24345
23775
23666
24346
22996
24340
22995
24336
22950
24344
23700
23740
24346
22983
24340
23008
24331
22929
24342
23596
24017
24343
22956
24345
22970
24334
23049
24335
23515
23938
24349
23019
24346
23060
24337
23086
24340
23437
24034
24342
23208
24344
23016
24333
23029
24342
23340
24115
24224
23251
24344
22951
24338
22942
24338
23233
24243
24143
23323
24346
23068
24340
22963
24334
23135
24225
24025
23392
24346
22973
24338
23015
24335
23041
24325
23951
23468
24343
22969
24338
23077
24334
22987
24340
23876
23617
24348
22920
24339
22969
24335
22975
24343
23783
23667
24345
22986
24336
22898
24334
22981
24346
23678
23771
24352
22927
24340
22949
24333
22971
24346
23587
23844
24352
22990
24339
22954
24334
22936
24343
23559
23920
24347
22992
24344
22970
24336
22970
24341
23411
24037
24340
23100
24345
23040
24337
22929
24341
23319
24230
24223
23107
24343
22982
24338
22935
24336
23231
24171
24124
23282
24346
22970
24336
22968
24338
23107
24266
24042
23356
24347
23012
24337
22945
24335
23038
24289
23988
23519
24350
22988
24340
22965
24339
23029
24338
23893
23580
24350
22959
24343
23030
24337
23006
24341
23775
23661
24346
22957
24338
22988
24338
22943
24346
23665
23913
24348
23010
24346
23086
24339
22935
24343
23551
23872
24351
23023
24336
22968
24337
22929
24348
23453
23934
24348
23049
24342
22963
24333
22950
24342
23367
24040
24321
23123
24346
22973
24340
22929
24337
23325
24143
24228
23229
24341
22953
24339
22974
24335
23216
24153
24112
23312
24348
22932
24338
23035
24337
23098
24221
24010
23410
24349
23042
24340
22965
24337
22974
24335
23909
23535
24348
22944
24342
22959
24335
23031
24341
23863
23588
24346
22956
24342
23018
24334
22994
24344
23780
23626
24344
23025
24340
22928
24338
23020
24347
23666
23938
24353
22998
24343
23054
24335
23055
24343
23563
23869
24354
23072
24347
23014
24335
22956
24344
23457
23977
24347
23072
24341
23046
24335
22997
24342
23398
24090
24304
23161
24345
23124
24340
23043
24343
23294
24203
24237
23356
24346
23057
24337
23036
24340
23191
24235
24122
23470
24343
23114
24339
23052
24336
23099
24332
24011
23462
24346
23072
24337
23028
24342
23068
24313
23920
23542
24348
23011
24339
22983
24338
23013
24338
23840
23675
24349
23010
24342
23035
24338
23002
24344
23782
23913
24348
23026
24339
23043
24340
23040
24352
23773
23804
24352
23087
24341
23075
24338
23143
24349
23554
23914
24354
23033
24343
23027
24340
23067
24336
23477
24018
24351
23133
24343
22992
24336
23004
24344
23383
24210
24302
23146
24347
23015
24334
22999
24342
23307
24209
24212
23286
24343
23025
24339
23078
24339
23227
24275
24120
23367
24344
23055
24340
23007
24342
23132
24283
24012
23473
24348
23089
24337
22992
24339
23054
24337
23940
23633
24348
23012
24339
23028
24338
23013
24342
23868
23658
24349
23010
24345
22999
24338
23138
24342
23773
23733
24340
23039
24339
23090
24339
22976
24348
23657
23813
24352
23032
24342
22956
24333
22958
24341
23642
23978
24350
23084
24341
22983
24339
23014
24343
23454
23976
24348
23165
24345
23078
24342
22961
24346
23411
24140
24305
23143
24346
22945
24337
23013
24338
23273
24133
24243
23217
24345
22959
24332
23022
24337
23197
24232
24129
23460
24344
22961
24340
23013
24339
23186
24343
24005
23465
24347
22971
24339
22945
24337
23033
24335
23919
23477
24348
22975
24339
22963
24339
23018
24341
23826
23642
24348
22992
24341
22981
24334
22981
24343
23748
23715
24347
23024
24344
23049
24340
23007
24347
23655
23885
24352
22980
24344
23050
24336
23073
24347
23567
23912
24353
23067
24346
23019
24339
23032
24345
23452
24177
24343
23168
24346
23416
24349
23681
24352
23973
24355
24351
23946
24346
23907
24345
23796
24350
23611
24352
24258
23742
24345
23430
24342
23437
24342
23319
24341
24142
23604
24349
23346
24340
23335
24343
23366
24354
24278
24075