7279.50
12293.85
15947.00
18440.30
20238.41
21510.89
22237.52
22908.47
23238.63
23606.84
23719.09
23943.16
23954.81
24106.67
24071.97
24191.68
24212.48
24265.73
24327.31
24202.42
24283.90
24189.43
24272.40
24188.28
24271.29
24166.21
24255.84
24179.69
24267.68
24265.38
24297.97
24351.67
24243.77
24312.54
24210.98
24287.79
24200.25
24279.98
24205.58
24284.61
24187.52
24271.97
24268.98
24312.78
24361.45
24243.11
24311.18
24201.93
24282.05
24189.93
24272.45
24194.02
24276.21
24177.15
24264.41
24262.48
24295.94
24349.36
24250.25
24317.67
24220.27
24295.19
24198.83
24278.38
24189.17
24271.62
24205.13
24285.49
24281.15
24303.60
24355.02
24247.62
24314.93
24212.95
24289.77
24196.84
24278.19
24192.33
24273.23
24189.16
24274.01
24275.21
24309.95
24359.46
24243.83
24312.88
24213.91
24290.74
24173.82
24260.57
24182.10
24268.17
24195.52
24275.77
24273.14
24301.59
24354.52
24242.16
24310.81
24221.17
24294.92
24187.54
24272.28
24192.10
24273.67
24191.87
24275.01
24289.71
24325.80
24371.76
24255.73
24321.21
24225.45
24297.31
24192.22
24274.65
24176.06
24261.84
24186.59
24273.41
24285.59
24308.81
24358.97
24238.68
24308.08
24210.85
24288.60
24191.82
24273.77
24186.84
24269.99
24185.99
24270.00
24297.00
24311.70
24360.99
24252.09
24317.16
24217.82
24292.87
24199.91
24279.74
24184.42
24269.49
24206.05
24272.03
24309.52
24300.07
24352.85
24234.09
24306.36
24201.55
24281.79
24194.85
24276.20
24205.04
24284.52
24206.67
24275.17
24335.12
24293.98
24348.59
24246.41
24313.49
24212.24
24288.97
24201.08
24281.16
24195.91
24276.64
24208.95
24285.46
24343.52
24297.77
24350.04
24234.83
24306.28
24222.80
24295.46
24225.12
24297.99
24185.49
24270.24
24197.57
24272.10
24333.27
24278.89
24336.82
24228.58
24301.00
24207.70
24284.59
24201.02
24280.51
24188.56
24272.99
24201.90
24277.83
24337.58
24274.11
24334.97
24217.38
24293.47
24210.83
24288.28
24236.59
24305.42
24187.99
24271.40
24197.78
24267.75
24330.82
24262.48
24326.23
24232.56
24301.69
24203.09
24281.66
24197.76
24278.24
24182.47
24267.83
24187.18
24264.52
24329.17
24263.12
24326.98
24227.69
24301.28
24194.70
24276.09
24178.86
24265.00
24174.70
24262.39
24192.98
24261.68
24326.58
24248.10
24316.17
24202.12
24280.99
24198.19
24278.83
24204.78
24283.15
24187.40
24271.58
24200.91
24268.44
24330.11
24258.98
24323.78
24218.55
24293.98
24226.19
24297.83
24198.28
24277.70
24184.79
24270.65
24201.76
24266.03
24327.82
24235.78
24306.94
24215.46
24291.82
24204.58
24282.70
24191.89
24275.02
24183.22
24269.25
24229.28
24275.39
24335.88
24197.61
24280.53
24181.07
24267.45
24176.72
24263.20
24178.24
24265.17
24182.92
24269.04
24242.63
24273.04
24334.23
24224.66
24298.56
24200.59
24280.82
24177.97
24264.38
24182.67
24267.37
24177.26
24264.48
24261.94
24306.36
24357.55
24244.88
24311.82
24201.17
24282.12
24184.59
24268.71
24183.30
24266.61
24177.93
24264.65
24263.25
24295.88
24350.21
24233.75
24304.92
24199.65
24279.85
24185.40
24268.98
24183.49
24267.34
24202.74
24284.42
24279.49
24302.45
24354.51
24237.96
24307.27
24195.29
24276.50
24172.55
24260.59
24180.31
24265.42
24199.29
24280.50
24279.75
24313.73
24362.41
24247.09
24315.46
24210.62
24289.03
24187.62
24271.14
24177.20
24263.24
24185.77
24270.44
24279.91
24313.24
24362.07
24244.15
24311.90
24209.03
24287.02
24207.82
24285.27
24189.19
24270.43
24197.70
24278.79
24302.86
24323.90
24369.83
24251.68
24317.18
24236.42
24306.20
24217.94
24292.66
24189.86
24272.10
24187.17
24271.12
24298.38
24300.67
24353.57
24241.80
24309.66
24195.76
24275.93
24190.15
24272.61
24184.83
24269.48
24195.23
24277.06
24305.25
24305.77
24357.14
24243.70
24311.59
24248.11
24312.88
24220.51
24294.46
24200.42
24279.79
24205.16
24266.01
24299.31
24303.11
24354.68
24238.38
24308.16
24203.41
24283.09
24193.36
24274.85
24184.30
24269.11
24210.88
24281.41
24312.79
24306.25
24358.38
24232.86
24304.91
24188.83
24271.68
24181.18
24266.92
24158.65
24250.85
24194.50
24269.65
24323.45
24308.62
24358.23
24254.06
24318.84
24213.89
24288.32
24201.83
24281.38
24193.36
24274.85
24194.80
24275.26
24333.08
24297.06
24351.34
24235.74
24306.02
24215.11
24289.78
24192.04
24273.93
24185.45
24270.52
24203.76
24275.53
24337.17
24286.72
24342.91
24230.43
24301.10
24216.17
24291.12
24186.09
24269.76
24169.33
24260.13
24193.19
24257.33
24322.93
24256.35
24322.55
24207.18
24285.43
24194.40
24276.48
24176.14
24263.70
24181.29
24268.50
24199.05
24258.43
24324.00
24240.30
24310.71
24194.70
24277.29
24190.50
24273.75
24185.33
24268.63
24183.24
24268.67
24203.67
24249.97
24316.28
24223.50
24298.35
24208.84
24285.99
24190.29
24272.41
24187.38
24271.27
24179.69
24266.48
24199.74
24264.91
24328.54
24234.78
24306.54
24212.18
24289.83
24193.28
24275.40
24192.18
24274.02
24181.92
24268.04
24216.13
24252.09
24318.36
24199.16
24281.01
24187.11
24272.87
24203.01
24282.51
24191.16
24273.01
24183.01
24268.20
24231.84
24271.49
24331.94
24225.76
24300.23
24193.06
24275.54
24174.58
24261.71
24166.09
24254.87
24181.41
24268.58
24264.21
24300.15
24352.60
24228.82
24302.08
24203.05
24283.44
24190.31
24273.01
24188.11
24271.78
24189.94
24273.36
24273.85
24312.90
24361.83
24241.88
24310.62
24213.53
24290.77
24191.54
24272.68
24180.97
24265.58
24188.01
24270.81
24299.96
24318.28
24366.49
24230.15
24303.30
24217.41
24291.99
24229.89
24300.73
24192.21
24274.35
24193.54
24275.58
24298.81
24295.26
24349.49
24213.14
24290.20
24198.94
24280.26
24197.98
24276.29
24187.70
24271.49
24195.74
24275.62
24303.33
24320.64
24367.25
24242.97
24311.68
24218.48
24293.63
24221.14
24294.30
24211.71
24287.40
24213.78
24289.75
24316.52
24309.76
24359.93
24232.15
24303.81
24207.26
24284.29
24194.20
24275.44
24186.51
24271.25
24201.58
24272.81
24300.46
24301.23
24353.96
24242.67
24310.87
24196.31
24277.82
24215.17
24290.42
24207.19
24285.14
24180.09
24262.27
24293.69
24302.18
24355.23
24233.36
24304.95
24205.66
24283.77
24189.94
24272.76
24189.73
24272.91
24195.84
24276.89
24306.62
24303.44
24355.50
24253.65
24319.46
24204.72
24283.70
24212.39
24288.17
24194.82
24275.87
24205.71
24272.10
24301.47
24304.63
24355.44
24243.71
24312.79
24197.06
24278.04
24185.33
24267.73
24172.11
24259.98
24193.38
24272.17
24331.22
24310.75
24360.33
24242.63
24312.34
24219.84
24293.99
24202.79
24280.55
24185.59
24270.01
24198.61
24277.33
24336.33
24307.13
24358.09
24236.86
24306.81
24201.26
24279.79
24199.75
24279.63
24182.24
24267.97
24192.98
24273.68
24333.48
24305.43
24356.60
24236.42
24307.40
24207.08
24284.46
24208.12
24285.49
24189.04
24272.43
24197.90
24274.73
24335.11
24299.68
24351.97
24232.58
24304.41
24197.18
24276.93
24184.55
24267.49
24171.94
24259.56
24187.39
24270.08
24328.85
24287.50
24343.75
24223.82
24298.88
24206.81
24284.87
24179.31
24265.91
24177.44
24263.11
24195.88
24275.71
24336.70
24289.99
24344.89
24219.23
24293.86
24206.90
24286.43
24201.70
24280.39
24203.47
24282.83
24205.78
24281.75
24338.82
24311.28
24359.79
24234.16
24304.91
24216.44
24291.60
24205.02
24283.32
24209.72
24287.50
24207.85
24283.80
24343.26
24311.68
24360.38
24270.26
24329.58
24237.61
24306.13
24231.39
24301.17
24220.72
24293.70
24217.89
24291.43
24346.80
24320.16
24366.31
24267.82
24329.07
24235.75
24304.23
24233.96
24303.87
24266.11
24326.98
24267.58
24326.81
24372.76
24336.83
24377.68
24291.08
24345.66
24277.36
24333.95
24275.47
24334.13
24254.59
24318.61
24251.53
24315.27