30225
30395
30407
30369
30417
30387
30373
30417
30391
30406
30390
30405
30384
30410
30401
30385
30414
30385
30406
30390
30410
30360
30414
30369
30377
30394
30370
30412
30392
30407
30384
30411
30373
30393
30400
30374
30414
30396
30406
30387
30411
30364
30391
30391
30382
30417
30394
30406
30380
30412
30386
30399
30395
30383
30413
30392
30407
30386
30409
30383
30403
30388
30381
30418
30396
30405
30388
30416
30384
30412
30390
30373
30415
30390
30407
30387
30407
30376
30411
30361
30381
30414
30396
30419
30393
30407
30386
30418
30378
30398
30397
30383
30414
30385
30407
30382
30410
30381
30404
30388
30364
30413
30386
30408
30372
30406
30388
30407
30391
30378
30415
30379
30404
30389
30406
30387
30402
30386
30383
30417
30390
30404
30392
30406
30396
30407
30386
30377
30423
30384
30410
30391
30409
30374
30408
30369
30380
30417
30396
30410
30390
30406
30381
30406
30384
30393
30393
30392
30413
30397
30405
30384
30409
30385
30394
30396
30390
30409
30393
30406
30374
30409
30390
30400
30385
30385
30412
30374
30404
30386
30406
30375
30396
30390
30380
30420
30375
30407
30391
30406
30380
30405
30395
30382
30417
30396
30413
30381
30409
30389
30417
30386
30383
30417
30378
30407
30385
30405
30377
30411
30384
30393
30410
30393
30411
30379
30409
30379
30409
30388
30394
30395
30379
30414
30394
30411
30380
30411
30394
30409
30396
30388
30421
30392
30402
30383
30411
30388
30399
30397
30388
30417
30391
30405
30386
30407
30380
30397
30390
30371
30419
30393
30406
30384
30410
30385
30408
30387
30377
30416
30392
30412
30386
30412
30390
30408
30374
30384
30413
30386
30411
30384
30410
30400
30410
30374
30383
30400
30381
30407
30375
30406
30383
30407
30376
30394
30381
30366
30408
30373
30403
30382
30408
30360
30388
30400
30370
30411
30384
30411
30390
30414
30390
30407
30384
30389
30419
30398
30405
30390
30404
30388
30406
30384
30373
30420
30382
30408
30373
30415
30390
30414
30351
30377
30412
30378
30408
30391
30406
30383
30413
30367
30377
30385
30378
30419
30387
30404
30394
30416
30370
30390
30392
30377
30415
30385
30404
30386
30406
30387
30402
30366
30377
30417
30396
30412
30381
30406
30381
30398
30392
30381
30414
30382
30408
30385
30405
30385
30408
30397
30376
30416
30385
30407
30394
30408
30397
30414
30371
30381
30412
30374
30404
30377
30408
30375
30416
30377
30382
30390
30384
30409
30383
30408
30346
30408
30370
30386
30400
30378
30409
30390
30409
30380
30409
30382
30400
30402
30389
30417
30385
30403
30381
30409
30372
30394
30386
30375
30420
30387
30408
30391
30415
30386
30407
30388
30370
30418
30392
30407
30382
30409
30377
30411
30378
30377
