22167
22335
23359
21274
23683
20723
23672
21187
23389
22178
22363
23245
21390
23726
20745
23702
21019
23436
22070
22457
23278
21570
23752
20775
23746
21023
23559
22096
22604
23082
21586
23751
20756
23748
21009
23615
21904
22718
22973
21622
23762
20813
23748
20874
23648
21810
22806
22923
21929
23720
20782
23720
20960
23706
21853
23001
22767
21915
23683
20848
23709
20840
23706
21644
22957
22657
21976
23670
20959
23705
20813
23707
21620
23092
22550
22103
23572
21049
23706
20803
23707
21439
23153
22435
22132
23543
21139
23695
20810
23700
21419
23229
22517
22286
23429
21260
23705
20829
23707
21363
23278
22301
22342
23311
21444
23686
20756
23695
21155
23377
22153
22363
23211
21441
23698
20812
23700
21134
23462
22158
22503
23174
21521
23711
20803
23688
21046
23614
22013
22578
23029
21678
23686
20849
23704
20944
23623
21913
22695
22928
21710
23682
20834
23697
20939
23655
21772
22798
22802
21763
23680
20818
23694
20840
23670
21639
22852
22642
21864
23654
20854
23681
20759
23683
21639
22950
22646
21950
23648
20960
23678
20886
23695
21519
23117
22524
22069
23516
21033
23676
20712
23689
21364
23179
22397
22176
23417
21243
23689
20712
23698
21271
23255
22261
22273
23328
21284
23693
20717
23700
21235
23392
22155
22490
23228
21359
23676
20779
23679
21108
23457
22108
22461
23140
21399
23704
20811
23694
21098
23480
22008
22568
23087
21616
23670
20841
23675
20919
23590
21874
22681
22892
21685
23678
20758
23692
20880
23641
21839
22925
22803
21768
23659
20729
23674
20844
23648
21739
22837
22775
21916
23664
20902
23688
20842
23674
21693
22972
22657
21995
23637
20943
23663
20744
23663
21467
23045
22474
21978
23492
21027
23663
20743
23667
21344
23066
22348
22041
23352
21030
23626
20574
23653
21246
23130
22264
22137
23340
21126
23635
20734
23653
21195
23243
22255
22257
23233
21288
23643
20670
23662
21186
23291
22155
22426
23119
21301
23632
20750
23664
20989
23383
21968
22396
22977
21366
23624
20589
23632
20887
23465
21906
22509
22929
21474
23622
20662
23633
20868
23540
21910
22695
22842
21568
23634
20747
23632
20765
23558
21689
22739
22710
21668
23604
20685
23634
20678
23626
21601
22776
22612
21778
23600
20852
23628
20656
23622
21468
22985
22473
21956
23545
20961
23623
20858
23633
21504
23006
22484
22053
23443
21093
23608
20771
23646
21458
23186
22387
22157
23381
21220
23620
20746
23640
21307
23183
22272
22240
23257
21279
23612
20768
23640
21258
23224
22302
22399
23239
21419
23590
20791
23620
21234
23402
22125
22440
23145
21452
23620
20865
23625
21062
23423
22043
22636
22999
21416
23583
20776
23625
20991
23462
21952
22603
22896
21582
23583
20835
23627
20960
23511
21833
22681
22933
21798
23573
20760
23606
20886
23570
21749
22879
22753
21808
23588
20861
23615
20827
23605
21672
22874
22677
21929
23570
20934
23619
20734
23613
21556
22935
22518
21967
23467
20941
23612
20717
23606
21427
23027
22382
22025
23418
21057
23591
20694
23602
21370
23280
22428
22198
23356
21314
23580
20825
23616
21387
23229
22229
22238
23227
21346
23599
20832
23623
21214
23287
22203
22485
23103
21356
23581
20886
23624
21145
23486
21997
22412
23007
21470
23599
20801
23626
20986
23440
21962
22613
22892
21686
23564
20664
23602
20974
23540
21802
22678
22816
21743
23589
20793
23594
20903
23549
21834
22828
22729
21761
23557
20939
23605
20886
23584
21638
22829
22622
21811
23556
20944
23600
20836
23597
21561
22909
22585
21992
23471
21046
23595
20691
23612
21514
22979
22427
21993
23407
21003
23586
20801
23616
21464
23130
22352
22101
23346
21116
23591
20807
23607
21301
23122
22248
22310
23244
21276
23577
20732
23601
21177
23238
22102
22295
23122
21262
23570
20702
23591
21085
23302
22043
22401
23032
21495
23582
20724
23597
21029
23398
21934
22487
22947
21494
23562
20777
23590
20965
23460
21851
22593
22848
21574
23549
20864
23590
20864
23530
21760
22692
22710
21660
23599
20782
23592
20842
23567
21637
22787
22626
21776
23545
20854
23587
20740
23569
21544
22840
22552
21913
23506
20994
23566
20718
23574
21466
22943
22498
21995
23436
21170
23580
20774
23588
21418
23059
22334
22093
23327
21044
23560
20728
23578
21260
23108
22210
22180
23214
21188
23556
20763
23598
21169
23241
22203
22339
23115
21342
23563
20710
23589
21160
23292
22034
22449
23107
21374
23567
20795
23594
21051
23332
21951
22436
22970
21471
23550
20720
23567
20929
23414
21842
22524
22830
21558
23538
20720
23563
20864
23463
21736
22589
22761
21617
23533
20709
23565
20783
23601
21663
22724
22764
21794
23543
20878
23572
20772
23561
21684
22802
22590
21870
23523
20840
23561
20777
23594
21548
23026
22416
21889
23436
20991
23570
20750
23576
21360
22981
22353
22080
23325
21011
23562
20711
23569
21254
23092
22228
22071
23211
21131
23541
20657
23568
21220
23151
22182
22215
23176