12116
12128
11908
10964
12127
12125
12128
10590
12105
12122
12130
11217
11619
12123
12128
11943
10932
12128
12128
12128
10665
12115
12123
12126
11277
11577
12123
12129
11968
10886
12134
12128
12127
10655
12112
12122
12127
11308
11535
12119
12128
12053
10820
12129
12124
12129
10654
12080
12123
12131
11403
11472
12122
12130
12057
10805
12129
12126
12132
10758
12076
12121
12131
11426
11550
12123
12129
12098
10690
12127
12122
12131
10704
12023
12123
12135
11460
11366
12124
12127
12121
10671
12130
12130
12130
10757
12037
12126
12129
11482
11374
12124
12131
12129
10689
12126
12125
12129
10818
12002
12122
12127
11447
11326
12123
12128
12128
10639
12131
12124
12130
10822
12026
12123
12128
11524
11461
12122
12128
12129
10713
12132
12125
12128
10840
11937
12122
12130
11541
11315
12121
12129
12130
10584
12129
12123
12129
10850
11913
12123
12128
11558
11256
12123
12127
12127
10576
12129
12126
12127
10874
11934
12125
12127
11552
11229
12127
12132
12126
10655
12130
12125
12128
10992
12007
12122
12128
11612
11235
12125
12127
12132
10670
12121
12122
12128
10913
11842
12123
12127
11648
11195
12125
12129
12128
10564
12130
12126
12127
10988
11807
12122
12130
11660
11142
12124
12131
12127
10494
12126
12121
12129
10958
11795
12126
12127
11677
11206
12126
12127
12128
10618
12123
12124
12130
10987
11771
12122
12128
11726
11208
12124
12127
12128
10602
12126
12122
12131
11036
11770
12120
12130
11683
11079
12125
12130
12128
10587
12127
12123
12129
11065
11734
12122
12129
11763
11073
12129
12126
12128
10577
12119
12124
12127
11078
11726
12123
12127
11801
11120
12124
12125
12127
10654
12122
12124
12128
11115
11729
12120
12130
11808
10987
12128
12127
12131
10610
12119
12123
12130
11108
11702
12121
12132
11830
10985
12123
12128
12128
10616
12113
12124
12127
11146
11681
12120
12129
11843
10985
12126
12130
12127
10580
12110
12123
12126
11188
11768
12121
12128
11906
10947
12130
12125
12130
10590
12108
12121
12130
11214
11768
12123
12126
11921
10942
12130
12125
12129
10611
12110
12122
12129
11204
11620
12122
12130
11904
10909
12128
12128
12128
10626
12108
12126
12129
11262
11601
12123
12130
11972
10845
12126
12125
12126
10660
12096
12123
12127
11290
11536
12117
12128
11989
11005
12124
12126
12126
10722
12118
12124
12128
11327
11517
12119
12128
12002
10830
12131
12127
12129
10659
12094
12120
12131
11318
11466
12123
12130
12030
10802
12126
12126
12130
10686
12095
12122
12129
11325
11460
12122
12128
12022
10784
12132
12126
12128
10696
12037
12121
12128
11393
11582
12120
12126
12024
10815
12127
12124
12127
10729
12067
12124
12129
11425
11552
12122
12128
12114
10750
12129
12124
12131
10716
12012
12122
12128
11448
11390
12121
12128
12126
10697
12131
12128
12129
10720
11985
12121
12129
11459
11328
12123
12126
12123
10671
12125
12123
12129
10790
12088
12123
12129
11465
11335
12124
12128
12127
10756
12124
12124
12127
10822
11973
12120
12127
11526
11329
12119
12128
12130
10680
12131
12124
12129
10831
11940
12120
12129
11527
11289
12121
12131
12131
10602
12125
12128
12128
10824
11961
12121
12128
11570
11289
12121
12129
12129
10546
12131
12126
12126
10856
11880
12123
12129
11570
11255
12125
12125
12130
10660
12125
12123
12128
10924
12011
12119
12128
11572
11302
12121
12126
12129
10655
12125
12122
12129
10908
11835
12124
12133
11654
11208
12122
12129
12129
10504
12131
12123
12128
10944
11838
12126
12127
11647
11134
12123
12124
12127
10513
12128
12125
12130
10974
11819
12122
12128
11679
11197
12120
12129
12127
10694
12131
12123
12127
10954
11797
12124
12127
11691
11115
12121
12127
12127
10590
12127
12121
12129
11041
11791
12121
12129
11688
11093
12122
12126
12127
10567
12118
12122
12128
11068
11733
12122
12128
11775
11042
12124
12130
12127
10564
12125
12124
12128
11088
11695
12124
12126
11770
11118
12124
12127
12126
10668
12134
12121
12128
11173
11816
12121
12130
11832
11038
12127
12127
12126
10590
12123
12121
12126
11084
11701
12119
12132
11791
10981
12125
12129
12127
10620
12119
12123
12129
11171
11681
12123
12129
11840
10945
12123
12127
12128
10579
12101
12125
12128
11196
11656
12119
12127
11885
11043
12127
12128
12126
10646
12127
12119
12129
11279
11709
12120
12124
11937
10971
12123
12125
12130
10601
12122
12118
12126
11186
11566
12121
12128
11919
10863
12128
12129
12130
10646
12097
12124
12129
11221
11549
12119
12129
11930
10864
12125
12125
12127
10642
12089
12120
12127
11300
11520
12123
12128
12006
10874
12124
12126
12127
10687
12119
12122
12126
11351
11620
12119
12128
12008
10873
12119
12124
12131
10641
12074
12120
12132
11295
11481
12121
12130
12025
10770
12126
12125
12132
10684
12064
12120
12129
11351
11467
12121
12128
12027
10750
12127
12125
12130
10709
12065
12122
12129
11397
11551
12121
12126
12047
10807
12127
12124
12126
10800
12113
12121
12128
11407
11514
12120
12126
12125
10767
12127
12126
12127
10719
12016
12119
12127
11453
11366
12123
12130
12124
10688
12127
12126
12129
10718
11974
12125
12129
11441
11332
12121
12128
12127
10663
12129
12126
12126
10797
12083
12123
12127
11473
11465
12121
12126
12129
10663
12131
12124
12126
10892
12077
12122
12127
11517
11312
12121
12127
12127
10715
12127
12124
12129
10854
11960
12122
12129
11542
11305
12119
12130
12132
10616
12129
12122
12129
10834
11962
12125
12124
11566
11249
12123
12129
12127
10592
12125
12126
12130
10879
11906
12120
12126
11588
11270
12124
12128
12129
10704
12121
12125
12126
11038
12036
12119
12128
11635
11243
12123
12123
12130
10668
12126
12124
12128
10948
11902
12122
12130
11669
11239
12124
12127
12129
10588
12125
12123
12128
10940
11845
12121
12128
11713
11185
12126
12125
12125
10750
12128
12126
12127
11235
12064
12127
12126
11881
11521
12126
12128
12127
11273
12134
12126
12128
11532
12120
12125
12126
11909
11596
12129
12128
12126
11413
12126
12124
12130
11557
12099
12127
12128
11960
11703
12130
12126
12128
11361
12135
12127
12129
11654
12039
12127
12129
11974
11611
12129
12129
12127
11515
12133
12129
12127
11594
12003
12126
12127
12020
11623
12128
12127
12128
11458
12128
12124
12127
11613
12008
12127
12127
12050
11653
12129
12123
12129
11493
12129
12126
12129
11721
11989
12127
12129
12076
11599
12131
12128
12126
11519
12134
12130
12128
11778
11948
12130
12130
12100
11686
12127
12130
12128
11534
12135
12127
12127
11720
11933
12129
12127
12103
11613
12128
12126
12128
11645
12138
12128
12129
11797
11925
12123
12128
12119
11753
12129
12127
12129
11610
12135
12125
12130
11794
11922
12127
12130
12121
11542
12128
12130
12128
11530
12129
12129
12126
11811
11958
12126
12129
12121
11587
12132
12128
12129
11569
12137
12127
12129
11825
11976
12124
12127
12125
11668
12129
12127
12126
11643
12131
12126
12126
11833
11904
12128
12128
12125
11647
12127
12125
12132
11597
12132
12128
12128
11869
11833
12126
12129
12127
11586
12133
12126
12128
11665
12126
12127
12131
11870
11885
12128
12129
12127
11484
12132
12126
12125