10827
12029
12128
12122
11524
11395
12125
12125
12121
10858
12127
12126
12122
10855
12054
12127
12119
10827
12029
12128
12122
11524
11395
12125
12125
12121
10858
12127
12126
12122
10855
12054
11876
11760
10966
12129
12132
12130
10490
12117
12128
12128
11030
11636
12124
12129
11791
10900
12131
12129
12126
10443
12079
12126
12129
11151
11566
12124
12132
11811
10900
12128
12126
12128
10498
12106
12126
12130
11167
11541
12125
12131
11845
10817
12129
12131
12127
10467
12105
12126
12130
11160
11544
12125
12129
11901
10823
12134
12127
12129
10479
12082
12128
12128
11201
11493
12123
12132
11887
10782
12132
12129
12131
10553
12032
12129
12130
11235
11422
12126
12129
11918
10769
12132
12130
12130
10569
12030
12125
12129
11286
11363
12126
12133
12006
10685
12132
12128
12131
10596
12032
12126
12132
11304
11341
12125
12133
12031
10644
12130
12127
12129
10665
11986
12124
12130
11380
11334
12122
12128
12020
10670
12129
12127
12128
10671
11971
12127
12130
11399
11307
12122
12130
12120
10698
12126
12131
12132
10669
11914
12125
12134
11404
11272
12126
12133
12129
10560
12129
12129
12129
10704
11886
12127
12131
11425
11220
12129
12131
12128
10513
12127
12128
12131
10770
11864
12127
12130
11421
11349
12125
12127
12126
10611
12131
12129
12132
10791
11987
12126
12128
11497
11288
12124
12129
12133
10573
12127
12128
12131
10776
11864
12127
12130
11518
11175
12125
12132
12135
10485
12127
12127
12127
10801
11832
12128
12128
11519
11125
12130
12129
12132
10448
12133
12125
12129
10813
11817
12126
12132
11538
11181
12127
12131
12129
10474
12132
12126
12130
10893
11778
12125
12132
11580
11079
12125
12129
12133
10511
12130
12127
12131
10895
11781
12127
12130
11570
11011
12127
12130
12132
10393
12123
12126
12132
10925
11730
12128
12131
11644
11044
12131
12130
12134
10356
12120
12125
12133
10939
11741
12127
12128
11648
11117
12129
12125
12133
10449
12117
12127
12127
11043
11792
12122
12132
11657
10999
12128
12132
12133
10411
12123
12125
12131
10998
11674
12124
12133
11662
10952
12130
12131
12130
10392
12126
12129
12128
11008
11616
12126
12127
11746
10925
12128
12127
12133
10404
12101
12128
12129
11027
11591
12130
12129
11777
11006
12127
12131
12129
10352
12110
12125
12132
11031
11610
12126
12130
11782
10876
12131
12128
12134
10471
12105
12125
12131
11061
11571
12124
12132
11773
10830
12128
12131
12131
10445
12107
12128
12128
11135
11526
12127
12133
11787
10802
12132
12132
12129
10455
12094
12127
12130
11170
11506
12127
12130
11879
10885
12129
12129
12130
10457
12100
12127
12130
11150
11489
12124
12126
11900
10835
12135
12129
12133
10461
12087
12130
12130
11163
11457
12124
12129
11909
10754
12128
12128
12129
10573
12023
12125
12130
11177
11438
12126
12130
11908
10741
12129
12127
12129
10567
12052
12128
12132
11269
11436
12126
12128
11948
10806
12131
12130
12128
10550
12051
12125
12130
11271
11401
12126
12130
11999
10676
12131
12128
12128
10575
12011
12125
12132
11278
11369
12125
12132
12008
10673
12131
12129
12131
10572
11996
12126
12128
11298
11353
12129
12130
12002
10602
12131
12131
12129
10668
11942
12128
12130
11374
11285
12127
12132
12016
10670
12134
12130
12128
10676
12004
12125
12130
11383
11305
12123
12130
12042
10590
12130
12128
12126
10685
11883
12123
12131
11408
11306
12125
12130
12109
10557
12130
12128
12129
10679
11963
12129
12131
11399
11275
12126
12131
12122
10532
12127
12128
12130
10726
11877
12127
12128
11438
11339
12125
12129
12126
10589
12135
12123
12129
10867
11998
12121
12128
11477
11309
12125
12130
12129
10544
12132
12126
12133
10790
11867
12123
12130
11501
11199
12127
12131
12133
10445
12137
12130
12132
10794
11843
12125
12128
11526
11149
12128
12134
12131
10456
12133
12127
12127
10804
11807
12126
12130
11548
11157
12126
12128
12128
10566
12123
12123
12133
10855
11819
12122
12131
11533
11181
12124
12126
12131
10574
12130
12125
12131
10918
11864
12126
12130
11537
11153
12124
12131
12131
10464
12125
12130
12130
10924
11800
12129
12129
11632
11152
12132
12130
12131
10482
12129
12126
12128
10938
11800
12124
12128
11677
11276
12131
12128
12132
10523
12136
12127
12129
11009
11916
12128
12132
11651
11194
12128
12129
12133
10563
12126
12122
12131
10972
11784
12124
12133
11654
11090
12129
12131
12130
10523
12119
12133
12129
11014
11764
12127
12129
11670
11037
12129
12131
12129
10505
12127
12126
12128
11053
11709
12126
12129
11752
11162
12129
12130
12129
10533
12126
12127
12128
11106
11767
12126
12128
11781
11059
12126
12130
12129
10474
12128
12124
12129
11037
11655
12125
12132
11760
10925
12129
12132
12129
10491
12123
12124
12131
11070
11571
12126
12133
11779
10894
12132
12130
12130
10473
12107
12125
12131
11128
11687
12122
12127
11803
10946
12125
12129
12127
10420
12095
12124
12128
11211
11510
12123
12131
11844
10689
12130
12129
12129
10411
12040
12123
12130
11140
11377
12124
12130
11880
10668
12130
12131
12133
10418
12029
12127
12135
11130
11355
12124
12134
11878
10643
12127
12128
12130
10493
11987
12124
12130
11154
11474
12125
12130
11882
10653
12130
12128
12131
10506
11931
12122
12131
11186
11359
12120
12132
11898
10575
12124
12128
12132
10498
11938
12126
12134
11237
11300
12124
12133
11935
10549
12130
12132
12128
10507
11924
12126
12127
11232
11222
12123
12129
12000
10429
12130
12128
12129
10515
11857
12125
12134
11249
11211
12122
12133
12001
10541
12131
12129
12131
10524
11859
12122
12132
11263
11300
12120
12131
12002
10430
12134
12128
12134
10632
11853
12123
12132
11276
11094
12121
12131
12018
10409
12121
12130
12131
10595
11791
12122
12133
11378
11097
12124
12128
12058
10345
12119
12127
12133
10614
11812
12125
12130
11344
11140
12123
12126
12120
10510
12133
12124
12132
10635
11779
12124
12131
11375
11134
12121
12130
12124
10279
12127
12125
12133
10659
11732
12125
12136
11377
10967
12119
12132
12112
10297
12110
12129
12128
10713
11719
12123
12133
11400
10980
12121
12132
12131
10262
12117
12129
12128
10756
11692
12126
12131
11493
10990
12125
12129
12136
10403
12116
12127
12131
10747
11664
12121
12130
11483
10960
12126
12131
12124
10325
12128
12125
12135
10754
11640
12123
12132
11497
10909
12122
12133
12130
10239
12120
12125
12130
10765
11600
12123
12134
11516
10896
12126
12130
12129
10192
12127
12123
12135
10843
11628
12125
12130
11564
10931
12121
12131
12137
10324
12081
12124
12132
10865
11633
12123
12131
11608
10870
12127
12129
12133
10212
12111
12125
12134
10874
11608
12124
12130
11625
10831
12124
12133
12134
10187
12118
12126
12129
10877
11541
12119
12129
11639
10811
12125
12131
12135
10280
12099
12128
12132
10962
11560
12125
12129
11627
10881
12126
12126
12130
10287
12109
12127
12133
10992
11608
12123
12130
11695
10824
12126
12130
12131
10291
12096
12126
12134
10998
11451
12123
12131
11749
10767
12130
12131
12132
10304
12082
12126
12129
10989
11475
12126
12131
11750
10753
12131
12130
12131
10357
12017
12127
12131
11009
11441
12120
12132
11763
10787
12131
12128
12129
10463
12122
12124
12127
11068
11455
12124
12129
11777
10768
12133
12126
12131
10396
12044
12125
12131
11120
11421
12127
12131
11791
10659
12129
12130
12133
10406
12031
12130
12133
11147
11382
12125
12129
11891
10667
12133
12129
12130
10422
12031
12126
12129
11128
11394
12128
12129
11880
10700
12133
12126
12132
10497
12107
12127
12131
11146
11380
12124
12132
11893
10636
12131
12127
12133
10519
11997
12127
12134
11230
11319
12123
12134
11912
10618
12132
12131
12129