6997
6906
6981
6912
6971
6932
6949
6953
6927
6974
6914
6979
6920
6972
6940
6958
6958
6924
6980
6912
6984
6924
6971
6942
6953
6961
6925
6982
6921
6984
6923
6975
6943
6949
6970
6927
6984
6915
6982
6930
6966
6950
6947
6972
6927
6986
6925
6983
6928
6967
6952
6943
6972
6921
6988
6921
6985
6930
6964
6955
6942
6972
6923
6990
6918
6982
6932
6964
6959
6942
6979
6922
6991
6924
6978
6938
6961
6958
6934
6980
6920
6989
6921
6980
6946
6958
6959
6936
6983
6917
6985
6922
6982
6946
6951
6961
6932
6983
6920
6988
6927
6978
6941
6953
6970
6927
6985
6924
6989
6930
6972
6945
6951
6969
6927
6990
6920
6988
6929
6975
6954
6947
6972
6923
6988
6922
6987
6942
6967
6951
6943
6974
6923
6996
6924
6986
6941
6965
6961
6941
6978
6924
6996
6928
6984
6938
6965
6958
6940
6982
6923
6992
6925
6984
6945
6964
6961
6942
6987
6924
6992
6924
6984
6943
6960
6963
6937
6986
6924
6995
6928
6981
6948
6955
6971
6937
6989
6921
6990
6930
6978
6946
6953
6969
6932
6987
6919
6991
6932
6973
6952
6950
6972
6922
6991
6919
6990
6933
6969
6952
6946
6974
6930
6991
6924
6991
6937
6971
6959
6947
6980
6921
6992
6922
6985
6937
6972
6963
6940
6986
6929
6996
6924
6986
6940
6964
6957
6941
6984
6926
6993
6927
6986
6945
6962
6963
6940
6985
6922
6996
6930
6981
6945
6964
6966
6938
6988
6921
6995
6930
6981
6947
6961
6971
6934
6993
6923
6994
6932
6975
6948
6956
6972
6933
6991
6927
6994
6933
6975
6949
6951
6976
6932
6990
6921
6990
6933
6972
6957
6949
6977
6930
6993
6925
6989
6938
6971
6954
6950
6982
6927
6992
6925
6987
6939
6972
6964
6945
6983
6922
6993
6926
6987
6943
6964
6967
6943
6987
6922
6995
6929
6983
6944
6971
6965
6944
6988
6928
6993
6930
6983
6946
6967
6977
6933
6988
6925
6992
6931
6983
6947
6960
6971
6937
6992
6927
6993
6931
6981
6954
6960
6972
6936
6995
6927
6996
6938
6973
6951
6956
6976
6938
6998
6927
6992
6938
6975
6957
6950
6977
6931
6997
6927
6992
6938
6974
6962
6949
6984
6929
6993
6926
6991
6945
6974
6970
6943
6989
6928
6996
6928
6991
6943
6972
6963
6945
6986
6929
6999
6931
6985
6945
6970
6967
6943
6991
6927
6995
6933
6982
6947
6963
6973
6940
6995
6924
6997
6930
6985
6952
6963
6977
6939
6993
6930
6992
6934
6983
6956
6957
6980
6936
6995
6927
6993
6938
6979
6959
6958
6983
6936
6997
6925
6993
6941
6978
6961
6952
6982
6930
6995
6928
6986
6941
6972
6960
6952
6986
6933
6997
6930
6988
6936
6973
6959
6947
6986
6930
6994
6929
6988
6945
6970
6971
6940
6984
6934
6999
6932
6986
6949
6965
6972
6939
6989
6926
6994
6934
6982
6948
6962
6975
6939
6994
6929
6991
6934
6984
6958
6959
6972
6935
6999
6931
6990
6932
6981
6951
6953
6978
6932
6996
6933
6987
6936
6981
6960
6953
6976
6939
6996
6931
6993
6939
6974
6960
6953
6982
6932
6998
6929
6988
6940
6976
6966
6950
6982
6927
6998
6926
6986
6942
6969
6967
6948
6987
6933
6999
6925
6988
6946
6969
6967
6942
6990
6925
6992
6928
6988
6946
6964
6970
6940
6990
6922
6995
6937
6985
6954
6963
6976
6943
6991
6929
6992
6931
6982
6953
6954
6974
6934
6996
6924
6992
6934
6979
6955
6959
6975
6930
6997
6927
6991
6938
6975
6962
6952
6979
6933
6994
6929
6989
6938
6974
6962
6951
6981
6927
6999
6926
6988
6942
6974
6962
6949
6984
6931
6989
6929
6987
6948
6968
6964
6946
6990
6929
6998
6930
6988
6946
6969
6968
6941
6993
6928
6994
6930
6985
6948
6960
6971
6942
6993
6921
6994
6937
6985
6949
6957
6972
6939
6991
6926
6993
6928
6984
6952
6960
6973
6934
6998
6925
6995
6936
6981
6959
6957
6983
6932
6996
6930
6990
6934
6976
6955
6954
6986
6928
6995
6927
6994
6941
6970
6957
6948
6985
6934
7000
6930
6989
6941
6966
6969
6947
6982
6929
6997
6927
6984
6944
6974
6971
6945
6984
6928
6995
6923
6987
6943
6964
6973
6945
6989
6928
6992
6929
6984
6949
6963
6973
6937
6990
6922
6995
6933
6984
6951
6959
6976
6937
6993
6927
6992
6936
6984
6958
6955
6977
6935
6997
6930
6989
6937
6975
6957
6954
6988
6929
6994
6927
6989
6935
6979
6960
6951
6984
6930
6994
6926
6989
6939
6974
6962
6952
6984
6928
6992
6932
6992
6942
6969
6961
6946
6987
6929
6996
6933
6986
6945
6967
6967
6945
6990
6927
6993
6928
6984
6950
6962
6973
6938
6991
6925
6996
6933
6983
6949
6962
6975
6937
6992
6927
6994
6935
6982
6949
6958
6971
6935
7000
6926
6990
6930
6974
6953
6951
6981
6932
6996
6929
6990
6938
6979
6953
6948
6982
6933
6997
6926
6990
6935
6978
6963
6947
6979
6926
6992
6930
6987
6937
6971
6967
6945
6989
6929
6994
6925
6988
6941
6970
6968
6947
6988
6932
6992
6929
6987
6946
6966
6966
6944
6994
6930
6992
6929
6983
6944
6964
6973
6940
6991
6927
6993
6931
6982
6948
6960
6972
6938
6989
6925
6993
6930
6978
6953
6960
6969
6936
6992
6925
6991
6934
6981
6954
6951
6977
6936
6993
6923
6988
6939
6980
6953
6957
6983
6930
6994
6925
6993
6937
6973
6961
6951
6981
6928
6997
6926
6991
6943
6968
6965
6947
6982
6926
6998
6928
6987
6944
6972
6964
6942
6988
6934
6992
6924
6984
6946
6965
6970
6939
6989
6928
6996
6928
6984
6948
6961
6967
6939
6991
6925
6994
6934
6984
6955
6963
6971
6934
6992
6924
6993
6932
6983
6954
6953
6975
6935
6992
6931
6997
6933
6974
6955
6956
6983
6930
6993
6926
6993
6942
6977
6957
6951
6979
6933
6995
6930
6991
6938
6970
6960
6941
6978
6930
6994
6927
6990
6938
6974
6961
6944
6988
6925
6992
6926
6986
6945
6969
6964
6940
6986
6927
6999
6927
6983
6945
6964
6969
6935
6990
6922
6996
6931
6982
6946
6969
6970
6937
6987
6926
6993
6934
6980
6951
6956
6977
6936
6990
6927
6996
6933
6977
6956
6956
6975
6931
6997
6923
6989
6931
6975
6955
6950
6976
6932
6993
6925
6992
6940
6968
6960
6949
6983
6926
7000
6927
6989
6936
6968
6962
6953
6984
6927
6997
6925
6988
6940
6969
6961
6941
6986
6930
6994
6925
6988
6940
6966
6969
6945
6988
6922
6993
6928
6985
6945
6959
6965
6940
6993
6923
6993
6926
6983
6946
6960
6968
6938
6994
6918
6991
6923
6978
6949
6954
6970
6926
6991
6920
6991
6931
6978
6954
6954
6978
6923
6988
6919
6990
6934
6975
6949
6937
6978
6917
6992
6916
6987
6926
6971
6952
6931
6975
6909
6998
6908
6985
6928
6960
6953
6925
6981
6902
7002
6907
6982
6929
6956
6954
6920
6985
6899
6992
6901
6976
6930
6948
6961
6912
6988
6892
6992
6901
6981
6932
6940
6974
6897
7003
6885
6996
6901
6967
6943
6921
6980
6883
7006
6884
6996
6908
6962
6947
6913
6985
6885
7010
6875
6992
6901
6953
6953
6901
6989
6868
7013
6866
6987
6902
6936
6955
6880
7003
6849
7007
6866
6971
6896
6914
6943
6861
6992
6845
7000
6868
6963
6906
6915
6952
6861
6981
6834
6983
6863
6951
6908
6903
6955
6858
6985
6852
6978
6859
6940
6911
6892
6955
6850
6976
6843
6966
6866
6921
6909
6883
6945
6862
6967
6912
6934
6909
6925
6904
6902
