14432
16208
15450
15737
15845
15002
16087
14765
16304
14794
16328
15259
15880
16024
15025
16024
14608
16200
14700
16491
15255
15909
15950
14965
15937
14697
16254
14724
16329
15087
16053
15929
15064
15996
14751
16033
14778
16317
14909
15949
15633
15236
15867
14765
16081
14457
16124
14763
16121
15623
15212
15785
14489
15921
14595
16034
14632
15929
15316
15350
15675
14485
15798
14325
16028
14275
15986
15007
15156
15586
14325
15701
14024
15809
13962
15782
14734
15171
15725
14053
15716
14133
15752
13984
15832
14792
15406
15701
14295
15701
14216
15895
14121
16053
14497
15415
15643
14458
15654
14148
15797
14119
15800
14555
15639
15482
14670
15562
14237
15684
14233
15803
14556
15846
15352
14980
15620
14495
15871
14151
15945
14363
15921
15241
15323
15653
14403
15970
14443
16094
14388
16036
15081
15549
15774
14606
15994
14358
16162
14535
16091
14983
15664
15698
14724
15909
14603
16182
14542
16314
15002
15882
15815
14907
15990
14703
16172
14561
16224
14935
15950
15836
15085
15818
14622
15952
14607
16218
14924
16070
15651
15055
15855
14818
16036
14536
16140
14760
16047
15622
15212
15881
14778
15851
14587
16289
14678
15958
15609
15382
15981
14806
15980
14660
16116
14819
16394
15307
15502
15801
14759
16027
14634
16137
14641
16207
15293
15726
15951
14674
15943
14612
16144
14661
16290
15213
15828
15916
14934
15936
14681
16086
14588
16389
14962
15888
15835
15118
15923
14767
16231
14509
16151
14946
15953
15728
15118
15883
14763
16097
14560
16187
14771
15960
15639
15284
15799
14815
15977
14553
16000
14610
16077
15539
15298
15886
14745
15925
14392
16179
14659
16108
15371
15702
15889
14825
16113
14604
16278
14734
16293
15192
15718
15941
14863
16039
14599
16145
14702
16344
15162
15971
15766
14893
16011
14732
16325
14604
16394
14950
15954
15910
15037
16009
14706
16120
14547
16315
14988
16054
15796
15074
15877
14723
16013
14616
16168
14951
15983
15750
15248
15949
14893
15944
14634
16286
14908
16215
15586
15435
15902
14927
16035
14651
16275
14756
16052
15416
15709
15858
14831
16072
14572
16329
14834
16153
15325
15763
15833
14835
16156
14526
16133
14766
16307
15120
15872
15935
14903
16101
14726
16215
14543
16380
15031
15944
15836
15054
15954
14649
16256
14572
16309
14894
16090
15762
15067
16006
14725
16203
14521
16389
14798
16105
15713
15090
16002
14679
16011
14548
16266
14809
16162
15576
15196
15984
14753
16067
14613
16211
14729
16223
15492
15546
16016
14645
16066
14695
16206
14736
16321
15273
15632
15933
14869
15987
14694
16253
14640
16200
15213
15840
15953
14968
16008
14652
16013
14768
16287
15151
15964
15901
15019
15956
14743
16193
14595
16270
14976
16058
15879
15105
16061
14692
16113
14621
16322
14908
16001
15815
15135
15894
14630
16093
14635
16099
14974
16120
15713
15402
15987
14811
16019
14589
16182
14624
16227
15481
15507
15879
14685
15936
14470
16172
14652
16186
15335
15513
15909
14632
16101
14479
16120
14705
16314
15300
15645
15834
14889
15972
14714
16247
14731
16257
15147
15935
15894
15052
15958
14692
16196
14656
16427
14998
16067
15911
15208
15885
14798
16199
14524
16246
15030
16075
15794
15160
15993
14796
15978
14757
16369
14950
16207
15698
15485
15931
14882
16158
14679
16422
14848
16305
15551
15487
15907
14940
16060
14599
16306
14664
16178
15503
15696
15926
14831
16100
14746
16261
14721
16222
15340
15695
15887
14946
16000
14665
16201
14595
16455
15143
15779
15977
14867
16117
14579
16147
14590
16175
15140
16053
15864
14772
15987
14692
16146
14635
16436
14905
15946
15796
15028
15971
14637
16140
14448
16370
14783
16034
15685
15170
15923
14545
16079
14480
16265
14862
16371
15597
15350
15952
14806
16173
14752
16316
14690
16302
15459
15556
15943
14744
16162
14571
16251
14630
16183
15348
15781
15891
14752
16168
14759
16178
14747
16224
15158
15994
15919
14932
16058
14663
16234
14658
16377
15026
15925
15812
14900
15915
14668
16006
14454
16198
15139
15928
15901
14938
15863
14784
16017
14747
16347
14979
15964
15804
15173
15970
14858
16133
14551
16306
14898
16103
15768
15348
16035
14720
16112
14724
16317
14812
16146
15561
15519
15942
14902
15999
14591
16236
14718
16261
15323
15730
15904
14835
16061
14708
16205
14533
16212
15224
15831
15959
14841
16052
14561
16300
14671
16393
15079
15819
15917
14903
16068
14534
16119
14621
16358
15053
16110
15817
15121
16025
14848
16260
14618
16349
14854
16192
15776
15174
15991
14712
16036
14586
16379
14845
16038
15719
15267
15931
14858
16069
14543
16143
14920
16246
15627
15389
15982
14874
15993
14757
16182
14800
16182
15522
15522
15898
14911
16026
14799
16355
14748
16226
15433
15712
15823
14905
15987
14599
16136
14714
16255
15317
15745
15954
14882
15923
14731
16082
14752
16303
15177
15788
15889
14948
16042
14842
16292
14570
16320
15054
15993
15862
15011
16021
14710
16052
14668
16288
14861
16052
15725
15146
15970
14707
16090
14654
16454
14803
16179
15693
15304
16016
14815
16004
14571
16237
14811
16391
15532
15503
15989
14911
15982
14617
16343
14789
16269
15327
15754
15941
14834
16138
14581
16173
14776
16360
15303
16000
15998
15031
16079
14807
16345
14698
16458
15129
16063
15928
15062
16036
14685
16309
14639
16382
15035
16068
15938
15216
15855
14717
15996
14648
16273
14981
16139
15759
15144
15956
14841
16168
14675
16320
14839
16260
15699
15401
15970
14699
15961
14601
16269
14760
16157
15603
15470
15915
14934
16005
14648
16169
14840
16249
15404
15623
16016
14827
16044
14674
16423
14627
16363
15368
15768
15912
14819
16052
14798
16344
14608
16316
15055
15836
15939
14799
16107
14625
16153
14662
16231
15154
15956
15871
14998
15999
14737
16183
14656
16305
15011
16100
15722
15227
15919
14683
16182
14621
16419
14869
16151
15600
15329
15983
14613
16220
14518
16339
14751
16336
15530
15408
16009
14762
16154
14653
16213
14740
16223
15397
15587
15985
14749
16016
14492
16276
14722
16309
15382
15606
15856
14892
16061
14633
16062
14669
16207
15296
15723
15908
14864
15952
14735
16123
14707
16264
15186
15898
15860
15066
15908
14779
16253
14640
16405
14974
15977
15829
15207
16026
14809
16149
14516
16212
14951
16103
15709
15293
15980
14789
16118
14746
16346
14932
16136
15692
15468
15878
14793
16103
14665
16421
14798
16381
15468
15601
15903
14707
16153
14705
16318
14596
16205
15178
15798
15824
14853
16138
14615
16052
14542
16339
15115
15845
15928
14766
16048
14623
16134
14466
16228
15153
15945
15924
14872
15874
14701
16144
14654
16291
15009
15930
15880
14880
15932
14680
16023
14581
16226
14945
16013
15794
15118
15926
14843
16074
14737
16366
14855
16071
15742
15356
15944
14779
16016
14578
16302
14867
16254
15613
15438
15922
14712
16005
14673
16241
14854
16271
15415
15774
15974
14952
16048
14720
16195
14749
16409
15214
15853
15982
14991
15993
14699
16283
14623
16163
15144
16000
15914
15049
15990
14733
16211
14726
16309
15152
16097
15869
15139
15942
14799
15993
14680
16389
14914
16052
15769
15275
15907
14717
16141
14485
16261
14766
16069
15618
15277
15923
14703
16003
14529
16176
14619
16253
15602
15440
15919
14856
16059
14675
16174
14672
16197
15435
15592
15861
14815
16022
14635
16262
14697
16284
15350
15671
15925
14725
16051
14708
16034
14705
16436
15160
15823
16003
14933
16070
14656
16233
14550
16286
15145
15913
15919
14966
16113
14649
16172
14665
16203
15081
16029
15831
15159
16024
14819
16056
14657
16311
15006
16156
15720
15351
15964
14886
16106
14639
16353
14819
16279
15594
15526
15917
14821
16097
14630
16437
14665
16218
15420
15668
15807
14866
16082
14702
16091
14753
16258
15315
15708
15874
14811
15975
14798
16190
14767
16409
15193
15858
15990
14912
15859
14713
16279
14560
16306
15126
15732
15884
14966
15948
14586
16124
14564
16406
15080
15911
15734
15091
15968
14732
16175
14550
16152
14903
16094
15693
15348
15984
14584
16059
14613
16322
14802
16297
15580
15507
15918
14794
16163
14661
16343
14691
16300
15532
15552
15953
14875
16019
14588
16209
14739
16409
15451
15697
15958
14994
15914
14705
16302
14616
16183
15137
15908
15943
14971
16019
14701
16167
14654
16152
15059
15848
15971
14932
15985
14773
16065
14619
16284
15142
16096
15938
15144
15986
14876
16218
14624
16331
14870
16147
15675
15242
15964
14747
16219
14566
16320
14810
16208
15634
15479
15980
14763
16247
14721
16353
14684
16339
15502
15740
15956
14596
16119
14649
16402
14623
16309
15201
15747
15792
14771
16121
14588
16349
14560
16262
15180
15851
15938
14742
16049
14724
16146
14603
16215
15116
15916
15939
14794
15858
14695
16033
14527
16244
15102
15987
15902
15035
15885
14672
16022
14678
16373
14991
16014
15775
15379
15930
14762
16196
14607
16232
14881
16230
15660
15354
15929
14911
16100
14706
16342
14692
16122
15560
15488
15972
14735
16114
14511
16269
14743
16162
15436
15648
15980
14867
16072
14707
16340
14807
16317
15145
15847
16017
14884
16143
14755
16228
14691
16160
15069
16065
15996
15076
16143
14713
16194
14739
16530
15088
15970
15903
14976
15993
14760
16134
14619
16330
15102
15994
15771
15280
15922
14721
16188
14560
16348
14865
16257
15632
15316
15924
14724
16174
14519
16215
14733
16142
15570
15413
15848
14717
15973
14554
16188
14702
16090
15456
15594
15869
14870
15913
14670
16200
14758
16272
15329
15813
15866
14898
15996
14771
16110
14686
16430
15147
15907
15914
14921
16060
14746
16142
14515
16385
15176
15988
15920
15092
15944
14681
16172
14610
16471
15029
16085
15827
15082
16064
14660
16228
14550
16397
14864
16161
15696
15259
16034
14636
16115
14583
16397
14837
16231
15645
15362
15971
14706
16119
14594
16386
14782
16186
15476
15594
15922
14858
16123
14616
16263
14770
16322
15325
15735
15854
14883
16002
14684
16173
14749
16360
15215
15761
15999
14897
16054
14786
16042
14615
16232
15148
15789
15912
14909
15827
14657
16056
14657
16312
15023
15942
15871
15144
15956
14828
16209
14572
16270
14871
16134
15733
15227
15924
14557
16075
14489
16299
14817
16151
15695
15332
15919
14733
16061
14551
16113
14772
16170
15499
15495
15952
14837
16049
14611
16310
14746
16293
15358
15757
15935
14979
15975
14725
16353
14569
16291
15182
15875
15932
14838
16101
14539
16135
14657
16345
15161
15949
15939
14867
15956
14788
16071
14721
16440
14989
15967
15868
15110
15941
14790
16118
14551
16119
14921
15991
15830
15143
15986
14820
16023
14704
16286
14988
16169
15645
15467
15914
14915
16117
14714
16331
14866
16178
15492
15684
15962
14731
16155
14565
16394
14634
16436
15277
15717
15776
14725
16056
14471
16227
14604
16281
15220
15528
15901
14868
15929
14684
16161
14676
16262
15174
15904
15928
15013
15951
14845
16020
14695
16240
14999
15953
15846
15203
15900
14734
16114
14623
16419
15068
16074
15793
15259
15901
14735
16146
14575
16179
14848
16154
15689
15455
15951
14654
16027
14677
16202
14862
16269
15601
15486
16004
14849
16025
14684
16139
14741
16274
15501
15608
15962
14910
16054
14561
16202
14739
16439
15277
15760
15967
14939
15996
14648
16332
14583
16270
15130
16011
15928
14913
16126
14632
16306
14631
16370
14993
15964
15825
15013
16074
14629
16147
14551
16299
15041
16191
15769
15165
16003
14884
16187
14595
16277
14812
16262
15688
15197
15901
14639
16107
14696
16290
14739
16194
15559
15308
15970
14663
15983
14531
16191
14632
16019
15481
15583
15883
14859
15956
14580
16142
14732
16264
15287
15811
15839
14892
16004
14828
16330
14660
16353
15146
15930
15921
14971
16024
14706
16190
14739
16209
15118
15917
15939
15102
15984
14661
16148
14584
16228
15114
16113
15819
14996
16013
14769
16138
14708
16549
14910
16095
15792
15259
16100
14773
16241
14567
16375
14792
16085
15586
15267
15944
14771
16137
14650
16230
14806
16305
15491
15519
15870
14775
16054
14709
16290
14719
16295
15418
15597
15955
14860
16036
14564
16152
14766
16363
15264
15784
15924
15011
16046
14727
16147
14592
16029
15163
15944
15871
14944
15946
14771
16089
14593
16268
14933
16071
15847
15105
15868
14705
16022
14578
16379
14869
16025
15789
15144
15952
14533
16093
14534
16170
14850
16158
15615
15299
15976
14788
16109
14641
16242
14685
16291
15541
15472
15957
14788
16039
14714
16339
14703
16301
15318
15600
15926
14911
15961
14636
16256
14567
16198
15245
15796
15948
14873
16004
14633
16335
14759
16269
15181
15908
15941
15088
16072
14662
16152
14632
16403
15145
16029
15915
14982
15898
14778
16122
14798
16253
15062
16091
15828
15234
15878
14941
16080
14703
16366
14830
16152
15678
15499
15895
14840
16201
14651
16300
14775
16266
15520
15415
15935
14761
16133
14610
16248
14698
16161
15423
15621
15999
14713
16071
14570
16223
14750
16369
15317
15550
15968
14786
15974
14547
16239
14700
16281
15167
15808
15947
14933
15888
14663
16269
14504
16415
15041
16092
15827
15007
15990
14626
16286
14576
16335
14888
16056
15790
15189
16034
14588
16145
14561
16241
14950
16179
15761
15143
16014
14819
16162
14507
16256
14773
16194
15626
15435
16028
14755
16028
14751
16287
14825
16265
15515
15703
15927
14932
15987
14660
16199
14757
16147
15449
15802
15896
14946
15849
14718
16175
14823
16265
15172
15862
15939
14891
15987
14826
16155
14754
16339
15099
16031
15878
15036
15998
14777
16124
14716
16416
14965
16061
15844
15088
16009
14787
16199
14492
16392
14971
16114
15746
15166
16017
14719
16087
14500
16272
14825
16137
15682
15276
15957
14737
16018
14589
16293
14784
16131
15458
15510
15983
14819
16168
14535
16183
14715
16201
15220
15798
15951
14861
15955
14642
16247
14649
16385
15149
15892
15942
14874
16113
14634
16264
14504
16349
15211
15878
15912
14945
15999
14559
16214
14681
16406
15028
15974
15925
15196
16040
14611
16150
14618
16371
15006
16192
15772
15182
15960
14768
16108
14568
16351
14822
16147
15763
15342
16000
14662
15944
14602
16214
14839
16181
15592
15414
15875
14805
16003
14668
16221
14818
16142
15536
15654
15788
15014
15970
14665
16223
14746
16368
15221
15855
15891
14971
16130
14646
16327
14667
16346
15132
15945
15959
14824
16122
14629
16200
14504
16270
15042
15912
15894
14966
16038
14723
16159
14613
16343
14967
15919
15727
15141
16006
14705
16107
14628
16254
14873
16192
15688
15402
16030
14760
16008
14657
16255
14754
16256
15557
15372
15843
14752
16121
14641
16429
14719
16211
15480
15534
15894
14768
16064
14585
16200
14737
16262
15404
15684
15889
14888
15961
14717
16115
14698
16154
15246
15892
15867
15017
16026
14758
16209
14738
16323
15159
16002
15812
15089
16040
14795
16260
14672
16265
14924
16098
15807
15135
15960
14733
16059
14511
16321
14955
16240
15738
15183
15974
14645
16099
14642
16430
14949
16155
15541
15505
15940
14795
16087
14568
16252
14732
16265
15504
15733
15888
14643
15995
14697
16292
14798
16336
15245
15669
15858
14859
15990
14692
15961
14599
16269
15234
15732
15910
14905
15894
14584
16073
14658
16053
15150
15945
15849
15115
15950
14712
16113
14653
16384
15017
16072
15772
15285
15980
14773
16256
14595
16382
14840
16309
15710
15289
16027
14827
16265
14561
16323
14775
16285
15582
15429
16057
14668
16213
14642
16430
14688
16243
15476
15495
15964
14701
16088
14479
16189
14785
16401
15346
15665
15912
14772
15998
14756
16350
14632
16206
15160
15693
15958
14955
16014
14578
16110
14730
16422
15207
15753
15928
14998
15946
14711
16100
14547
16171
15101
15937
15907
15202
15907
14592
16056
14670
16300
15047
16160
15758
15194
15899
14818
16152
14609
16217
14801
16237
15669
15234
15926
14769
16069
14581
16252
14805
16263
15597
15458
15940
14833
16105
14540
16197
14743
16218
15442
15526
15889
14724
15970
14524
16138
14750
16302
15264
15805
15796
14704
16001
14557
16222
14628
16395
15069
15658
15950
14860
16002
14765
16127
14613
16291
15118
16009
15881
15136
16023
14769
16172
14671
16335
14910
16222
15777
15233
16027
14729
16170
14554
16459
14798
16081
15712
15295
15964
14902
16048
14554
16289
14915
16206
15637
15627
15956
14812
16009
14647
16387
14742
16299
15404
15674
15766
14785
16057
14668
16111
14680
16276
15246
15644
15905
14918
15968
14745
16233
14622
16273
15140
15989
15957
14873
16100
14613
16269
14537
16332
15094
15966
15938
14996
16050
14690
16047
14567
16284
15000
16143
15769
15238
16008
14689
16183
14673
16264
14832
16039
15672
15309
15906
14782
16056
14620
16191
14751
16026
15509
15439
15897
14822
15956
14424
16192
14773
16209
15430
15678
15842
14779
15902
14693
16274
14672
16358
15312
15728
15882
14962
15961
14690
16082
14612
16297
15259
15855
15882
14915
15929
14700
16227
14559
16275
15052
15941
15955
15042
16036
14593
16243
14563
16433
15030
16063
15818
15087
15928
14618
16163
14633
16351
15049
16081
15614
15339
15947
14815
16225
14744
16359
14810
16221
15576
15558
15950
14678
15937
14635
16255
14821
16353
15477
15491
15951
14886
16073
14704
16182
14754
16253
15395
15741
15759
15015
15970
14700
16214
14730
16326
15153
15952
15906
14956
16049
14720
16143
14573
16377
15216
15868
15955
15046
15927
14864
16172
14728
16369
14996
16043
15833
15375
15962
14822
16303
14566
16272
14801
16240
15701
15180
16039
14759
16093
14455
16423
14809
16168
15631
15323
16010
14684
16177
14612
16260
14798
16254
15590
15571
15964
14742
16044
14649
16340
14782
16168
15385
15739
15974
14836
16173
14634
16115
14731
16321
15222
15928
15979
14948
16115
14755
16195
14630
16289
15142
15895
15957
14894
16080
14459
16184
14667
16308
15088
15959
15822
15051
15956
14685
16180
14697
16350
14942
15995
15718
15243
15968
14654
16083
14635
16268
14906
16168
15659
15150
15910
14775
16018
14687
16325
14753
16190
15611
15404
15950
14779
16096
14531
16199
14765
16260
15501
15495
15931
14918
15933
14623
16215
14603
16120
15334
15770
15752
14854
16047
14743
16195
14641
16200
15255
15715
15905
14788
15909
14681
16045
14693
16160
15153
15870
15864
15144
15985
14740
16004
14691
16235
15093
16156
15759
14990
15964
14746
16054
14687
16468
14933
16072
15712
15252
15938
14849
16064
14599
16255
14870
16216
15495
15521
15872
14807
15985
14702
16297
14729
16282
15399
15573
15801
14828
16021
14670
16128
14685
16261
15354
15716
15911
14991
15969
14620
16176
14619
16087
15083
15900
15877
14816
16036
14637
16082
14548
16204
15115
15770
15891
15020
15911
14557
16068
14600
16118
15029
15947
15653
15287
15852
14832
15947
14889
16118
15106
16098
15646
15300
15789
14897
15860
