3254
3941
3074
3952
3034
3988
3283
3766
3496
3184
3921
3018
3948
3070
3908
3202
3767
3567
3203
3965
2967
4057
3082
3888
3214
3614
3598
3122
3990
2987
3900
3159
3966
3295
3480
3592
3118
3989
2978
4045
3119
3890
3341
3434
3763
3204
3952
3035
4017
3081
3946
3369
3311
3780
3082
3948
3063
4008
3169
3950
3357
3339
3840
3062
4003
3030
3980
3055
3878
3388
3219
3899
3014
3965
3040
4002
3225
3774
3497
3257
3823
2953
3896
3005
4013
3187
3754
3540
3234
3946
3006
3965
3064
3875
3237
3687
3636
3247
3850
2976
3954
3093
3918
3246
3624
3721
3150
4015
2998
3957
3107
3887
3324
3443
3680
3179
3953
2999
4034
3083
3857
3298
3445
3752
3068
3934
2956
4009
3237
3893
3363
3355
3800
3061
3996
3074
3922
3168
3913
3433
3192
3842
3174
3954
3010
3978
3142
3799
3513
3279
3892
3018
4003
3108
4020
3279
3746
3539
3121
3919
3031
3851
3080
3936
3251
3579
3540
3161
3965
3090
3902
3128
3914
3249
3637
3633
3108
3935
3016
3975
3091
3980
3261
3496
3756
3176
3973
2920
3962
3133
3982
3262
3401
3671
3148
4029
2938
3992
3167
3891
3332
3336
3787
3149
3952
3069
4031
3147
3885
3391
3332
3792
3028
3863
3053
3872
3158
3842
3421
3265
3934
2954
3933
3087
3931
3160
3724
3488
3161
3867
3085
3975
3072
3905
3221
3665
3602
3088
3911
3006
4014
3118
3905
3316
3509
3605
3086
3935
2981
3990
3122
3910
3193
3483
3767
3107
3891
3037
3916
3245
3890
3347
3395
3770
3062
3935
3011
3966
3057
4022
3379
3335
3815
2957
3908
2976
4026
3084
3909
3443
3307
3852
3024
4033
2980
3965
3256
3816
3396
3312
3863
3130
3983
3056
3901
3165
3774
3449
3330
3858
3000
3926
3091
3977
3172
3701
3610
3148
3953
3045
3887
3098
3865
3291
3626
3551
3191
3828
2986
4026
3077
3969
3277
3532
3655
3137
3908
3001
3985
3105
3948
3205
3460
3784
3138
3989
2981
4041
3155
3994
3340
3396
3879
3151
3949
3052
3915
3213
3924
3389
3371
3836
3063
3913
2969
3916
3301
3864
3399
3372
3783
3089
3889
3003
3977
3195
3804
3472
3333
3876
3181
3927
3006
4010
3156
3731
3488
3111
3865
2996
3896
3141
3976
3259
3690
3601
3178
3854
3028
4078
3087
3928
3260
3611
3659
3123
3894
3078
4031
3066
3988
3297
3515
3716
3183
3902
3093
4034
3118
3977
3359
3391
3766
3133
3892
3056
3994
3181
3970
3372
3408
3860
3030
3970
2983
4006
3115
3851
3407
3299
3938
3009
3995
3089
3962
3120
3759
3437
3247
3912
3120
3961
3092
4032
3212
3731
3487
3226
3955
3171
3992
3071
3974
3290
3687
3622
3232
3868
3027
4014
3024
3937
3323
3572
3610
3180
3983
2954
3986
3148
3931
3302
3499
3639
3124
3982
3027
4030
3192
3950
3400
3492
3763
3154
3938
2954
3984
3147
3941
3322
3426
3746
3097
3958
3044
3993
3186
3940
3441
3385
3836
3032
4076
3078
3925
3161
3772
3427
3328
3946
3083
4032
3053
4019
3228
3758
3490
3278
3851
3121
3994
2966
3924
3220
3799
3581
3286
3887
3023
4000
3044
3971
3221
3696
3613
3178
3954
3035
3911
3093
3859
3292
3633
3605
3252
3934
3104
4020
3197
3979
3230
3475
3691
3234
3995
2928
3969
3133
3906
3292
3493
3750
3067
4000
3081
4030
3062
3876
3420
3340
3845
3071
3926
3117
4074
3178
3899
3434
3377
3903
3067
4022
3034
3984
3176
3886
3463
3311
3931
3151
3998
3006
3921
3238
3809
3567
3270
3916
3152
3955
3083
3960
3257
3732
3616
3236
4015
3159
3935
3178
3916
3275
3549
3709
3153
3872
3110
3937
3214
3879
3316
3618
3783
3282
4003
2966
3989
3047
3926
3345
3445
3690
3096
3867
3006
3970
3156
3923
3284
3503
3866
3181
3945
3037
3949
3150
3958
3300
3480
3866
3084
3969
2978
3950
3221
3875
3442
3344
3940
3089
3997
3023
4005
3153
3761
3466
3220
3955
3136
4002
3066
3976
3193
3759
3575
3249
3919
3130
4007
3063
4025
3283
3688
3629
3242
3948
3045
3973
3143
3929
3237
3540
3754
3108
3960
3012
3924
3162
3905
3364
3519
3727
3218
4040
3075
3961
3195
3949
3377
3488
3904
3153
3988
3064
3994
3149
4007
3354
3335
3884
2991
3971
3112
3983
3158
3986
3397
3345
3925
3106
3970
3010
3951
3191
3786
3459
3306
3922
3091
3997
3062
4047
3179
3927
3477
3257
3963
3037
3976
3185
3980
3242
3782
3529
3323
3920
3041
4011
3104
3868
3277
3616
3635
3207
4004
3021
3999
3147
3938
3324
3627
3696
3204
4012
3077
3966
3153
3979
3347
3510
3746
3135
4047
3066
3979
3142
3981
3347
3390
3807
3090
3993
3011
3935
3182
3974
3383
3413
3847
3066
3922
3065
4042
3287
3896
3408
3371
3902
3097
3981
3054
3924
3185
3855
3543
3273
3898
3037
4016
3119
3974
3196
3784
3561
3276
3826
3050
3973
3085
3903
3161
3737
3647
3234
3873
3099
3895
3126
3951
3247
3575
3624
3170
3920
3095
4022
3066
3940
3324
3576
3672
3167
3977
3003
4008
3155
4021
3351
3435
3742
3192
3882
3021
4021
3149
3929
3366
3415
3736
3166
4039
3051
4025
3230
3898
3327
3358
3901
3091
4019
3094
4099
3243
3853
3411
3374
3799
3095
4010
3027
4056
3201
3748
3511
3230
3983
3087
3992
2992
3987
3258
3798
3592
3245
3918
3117
4000
3117
4030
3282
3676
3575
3275
3879
3082
3993
3069
3889
3355
3626
3695
3304
3938
3120
4043
3108
3921
3375
3563
3683
3102
3916
3018
4049
3089
3944
3379
3463
3789
3111
3890
3146
4042
3211
3911
3408
3464
3866
3226
3995
3099
4004
3118
3894
3397
3409
3913
3179
3991
3100
4074
3235
3849
3451
3261
3918
3052
3972
3099
3933
3234
3835
3475
3280
3920
3146
3938
3173
3980
3158
3720
3582
3263
3869
3004
4045
3050
4059
3297
3626
3690
3204
4047
3082
3998
3166
3927
3229
3585
3712
3201
3945
3117
3979
3147
4027
3294
3420
3838
3165
3931
3074
4032
3098
3927
3374
3355
3784
3149
4019
3058
3965
3122
3898
3427
3356
3844
3180
3981
3133
4066
3134
3837
3394
3369
3795
3073
4000
3003
3948
3151
3745
3499
3220
3895
3096
3926
3149
3948
3235
3776
3595
3311
3821
3162
3948
3165
4009
3261
3685
3605
3188
3955
3042
3967
3107
4024
3234
3632
3678
3120
3919
3028
3996
3135
4010
3303
3542
3734
3162
3995
2999
3965
3099
3966
3316
3475
3765
3180
3960
3044
4001
3077
3912
3316
3543
3837
3072
3940
3010
4001
3143
3945
3426
3470
3847
3092
3990
3080
3944
3109
3899
3392
3315
3891
3142
3912
3091
3999
3205
3835
3483
3311
3794
3217
3983
3006
4032
3097
3710
3527
3238
3913
3184
3994
3124
3907
3295
3665
3573
3259
3932
2971
4081
3064
3979
3243
3612
3648
3243
3854
3068
4015
3095
3931
3200
3582
3646
3087
3916
3033
3980
3110
3956
3329
3526
3776
3199
4025
3031
3919
3063
3922
3412
3421
3812
3072
3987
3144
3970
3093
3970
3430
3322
3763
3071
3959
3000
4000
3207
3793
3374
3295
3832
3092
3986
2983
4001
3215
3835
3531
3269
3814
3006
4008
3060
3992
3262
3789
3486
3197
3814
3091
3989
3068
4060
3207
3628
3649
3082
3866
3122
3980
3102
3962
3227
3584
3660
3159
3854
3079
4034
3125
3984
3287
3506
3745
3137
3888
2983
3907
3064
3925
3313
3494
3689
3048
3932
3093
4059
3112
3906
3428
3464
3763
3002
4046
3000
3942
3102
3836
3402
3418
3864
3064
3867
3082
4048
3078
3765
3415
3244
3892
3023
4020
3040
4033
3164
3804
3564
3292
4000
3107
3941
3200
3935
3247
3692
3543
3206
3862
3118
3923
3208
3931
3222
3706
3659
3221
3925
3065
3994
3143
3964
3272
3549
3751
3196
3940
3061
4059
3138
3867
3263
3516
3726
3157
3935
3018
4011
3202
3907
3336
3387
3787
3116
3969
3098
4028
3033
3990
3396
3409
3880
3060
3939
3067
3948
3181
3855
3431
3270
3764
3076
3996
3045
4027
3115
3805
3491
3313
3904
3041
3918
3046
4031
3248
3736
3616
3174
3922
3054
3909
3013
3956
3236
3630
3592
3173
3919
3049
3998
3116
3935
3169
3677
3676
3189
3964
2965
4024
3000
3974
3353
3553
3585
3124
3864
3031
4005
3121
3999
3308
3507
3751
3144
3960
2992
3966
3094
3873
3367
3428
3810
3092
4030
3027
3970
3160
3848
3370
3425
3920
3071
3962
3064
3918
3104
3750
3425
3402
3879
3019
3946
3145
4001
3247
3800
3477
3352
3940
3109
3973
3093
3969
3233
3677
3587
3192
3893
3074
4030
2987
3963
3280
3682
3662
3202
3911
2958
3972
3147
3977
3202
3616
3676
3149
4023
3086
4062
3200
3814
3543
3523
3852
3164
4062
3087
4147
3295
3841
3548
3367
3985
3137
3978
3159
4016
3382
3754
3663
3346
3968
3134
4032
3185
3918
3367
3767
3634
3359
4013
3122
4071
3219
3962
3363
3696
3756
3328
3965
3178
4031
