24229
24421
24423
24410
24422
24425
24424
24424
24416
24427
24414
24426
24427
24416
24423
24413
24424
24408
24431
24422
24417
24419
24415
24419
24417
24421
24419
24430
24415
24413
24418
24416
24422
24419
24426
24420
24415
24424
24422
24421
24416
24419
24425
24423
24421
24427
24420
24419
24415
24420
24418
24418
24424
24426
24427
24424
24420
24419
24409
24425
24417
24426
24417
24423
24425
24420
24417
24421
24423
24421
24426
24413
24424
24421
24423
24416
24418
24420
24409
24427
24420
24428
24419
24420
24417
24425
24421
24420
24422
24420
24427
24428
24426
24419
24418
24419
24420
24422
24412
24427
24424
24419
24419
24417
24427
24419
24427
24421
24427
24426
24425
24423
24432
24422
24413
24423
24421
24424
24419
24425
24419
24420
24420
24412
24425
24419
24424
24421
24422
24415
24424
24423
24418
24420
24426
24428
24425
24423
24419
24418
24422
24417
24422
24412
24423
24427
24423
24425
24420
24415
24415
24418
24423
24423
24420
24431
24419
24415
24419
24424
24428
24416
24425
24422
24426
24421
24421
24422
24419
24421
24413
24422
24416
24428
24419
24421
24425
24419
24421
24418
24424
24417
24428
24420
24428
24419
24426
24418
24423
24423
24419
24431
24418
24427
24422
24419
24424
24420
24425
24427
24425
24416
24421
24417
24419
24423
24412
24424
24416
24429
24419
24430
24421
24419
24420
24414
24427
24419
24425
24422
24417
24427
24426
24420
24423
24422
24425
24428
24418
24432
24423
24428
24423
24412
24420
24419
24432
24421
24425
24425
24425
24420
24419
24421
24419
24427
24420
24430
24423
24418
24426
24405
24421
24412
24426
24423
24428
24419
24414
24427
24412
24417
24415
24422
24419
24425
24421
24420
24420
24424
24425
24424
24423
24428
24428
24426
24415
24416
24411
24422
24415
24426
24425
24430
24427
24421
24424
24418
24422
24415
24422
24419
24428
24418
24425
24412
24424
24430
24418
24427
24424
24425
24423
24429
24417
24417
24422
24424
24424
24422
24423
24425
24429
24425
24418
24425
24419
24423
24419
24426
24428
24427
24423
24416
24422
24420
24420
24415
24424
24420
24424
24422
24424
24425
24420
24425
24418
24427
24425
24425
24422
24423
24419
24421
24419
24418
24422
24422
24432
24425
24429
24427
24424
24418
24421
24428
24419
24428
24419
24421
24420
24423
24422
24416
24425
24425
24425
24426
24423
24417
24416
24422
24416
24427
24428
24427
24431
24432
24420
24421
24424
24413
24425
24421
24425
24417
24426
24426
24423
24421
24414
24425
24420
24426
24419
24430
24424
24423
24426
24410
24425
24425
24426
24421
24425
24423
24417
24423
24423
24425
24418
24422
24429
24426
24421
24421
24423
24420
24425
24422
24430
24422
24428
24423
24420
24422
24417
24424
24416
24427
24419
24423
24425
24423
24422
24423
24428
24423
24427
24417
24427
24421
24423
24422
24416
24423
24415
24426
24417
24429
24419
24427
24420
24425
24418
24422
24425
24422
24425
24422
24421
24428
24421
24426
24423
24429
24412
24426
24422
24423
24428
24417
24424
24420
24421
24422
24422
24424
24430
24423
24424
24426
24422
24428
24417
24427
24427
24430
24422
24421
24428
24422
24428
24417
24425
24424
24435
24423
24423
24428
24415
24421
24423
24422
24422
24433
24418
24419
24421
24425
24425
24420
24430
24422
24433
24430
24421
24427
24422
24421
24425
24424
24425
24425
24422
24423
24421
24414
24423
24424
24430
24424
24426
24428
24432
24420
24425
24418
24423
24427
24418
24423
24428
24422
24423
24423
24426
24427
24422
24420
24432
24426
24427
24425
24417
24427
24418
24423
24429
24424
24427
24422
24428
24421
24419
24416
24424
24413
24423
24431
24426
24421
24417
24424
24419
24424
24422
24429
24429
24426
24415
24416
24423
24412
24428
24421
24431
24423
24423
24426
24425
24423
24415
24425
24424
24426
24413
24431
24415
24416
24426
24423
24428
24422
24429
24418
24435
24420
24421
24422
24421
24426
24422
24425
24425
24428
24420
24422
24422
24421
24423
24419
24434
24416
24437
24422
24420
24422
24416
24426
24408
24431
24424
24425
24428
24420
24430
24420
24427
24417
24424
24420
24432
24414
24426
24430
24416
24418
24416
24430
24416
24430
24428
24428
24422
24417
24430
24419
24426
24418
24424
24426
24427
24424
24420
24424
24418
24424
24412
24432
24423
24422
24420
24415
24423
24423
24427
24416
24424
24428
24432
24418
24425
24428
24420
24423
24424
24428
24421
24431
24423
24423
24427
24420
24424
24417
24429
24419
24424
24419
24426
24417
24423
24425
24420
24426
24414
24420
24425
24425
24424
24418
24425
24417
24424
24414
24430
24423
24414
24424
24415
24428
24425
24424
24424
24429
24423
24418
24416
24424
24426
24421
24426
24424
24427
24421
24419
24424
24419
24427
24418
24429
24428
24426
24428
24422
24421
24427
24419
24418
24422
24420
24431
24422
24431
24424
24421
24419
24421
24427
24420
24426
24425
24421
24426
24418
24422
24414
24428
24412
24427
24417
24420
24427
24414
24427
24419
24426
24419
24424
24418
24427
24420
24415
24428
24422
24429
24419
24426
24418
24425
24422
24428
24418
24420
24419
24421
24432
24425
24426
24422
24420
24425
24421
24433
24418
24425
24421
24430
24425
24419
24423
24425
24427
24419
24424
24421
24429
24427
24416
24422
24417
24424
24420
24432
24419
24430
24420
24419
24420
24420
24417
24421
24423
24415
24428
24424
24430
24417
24417
24423
24411
24418
24418
24424
24426
24422
24412
24423
24420
24423
24419
24419
24426
24415
24417
24414
24414
24414
24417
24418
24420
24421
24414
24423
24411
24424
24418
24417
24421
24415
24425
24421
24423
24408
24416
24418
24412
24416
24431
24426
24419
24423
24422
24416
24414
24418
24420
24411
24424
24421
24424
24423
24417
24421
24411
24416
24421
24424
24423
24423
24421
24416
24422
24416
24418
24425
24423
24418
24425
24416
24416
24423
24420
24424
24416
24430
24417
24422
24421
24415
24409
24416
24412
24422
24425
24420
24426
24420
24419
24421
24411
24422
24416
24423
24410
24421
24417
24422
24415
24415
24420
24422
24422
24419
24425
24421
24421
24420
24430
24419
24406
24428
24421
24421
24415
24423
24421
24416
24424
24422
24424
24415
24422
24422
24423
24422
24418
24414
24412
24419
24420
24420
24423
24422
24419
24419
24418
24404
24421
24411
24420
24418
24425
24423
24413
24419
24421
24421
24423
24424
24420
24425
24417
24425
24415
24412
24419
24418
24425
24426
24427
24419
24412
24419
24416
24428
24423
24425
24410
24425
24414
24418
24423
24413
24417
24425
24421
24408
24428
24415
24417
24413
24416
24426
24417
24424
24422
24433
24417
24410
24425
24421
24422
24417
24419
24420
24426
24425
24427
24418
24426
24418
24409
24422
24420
24425
24420
24420
24424
24427
24415
24413
24422
24412
24420
24415
24421
24421
24408
24417
24410
24422
24416
24427
24423
24422
24423
