24411
24576
24577
24562
24574
24571
24575
24567
24576
24562
24573
24575
24562
24576
24567
24572
24561
24571
24565
24572
24572
24567
24570
24567
24572
24561
24575
24566
24568
24570
24567
24573
24563
24569
24562
24577
24567
24576
24572
24573
24579
24567
24573
24563
24572
24568
24578
24578
24572
24572
24570
24576
24558
24572
24561
24574
24564
24577
24568
24562
24569
24555
24574
24565
24572
24559
24572
24576
24563
24568
24565
24573
24571
24578
24564
24554
24566
24573
24573
24555
24573
24571
24576
24566
24580
24573
24577
24581
24563
24579
24568
24579
24565
24573
24575
24533
24573
24564
24574
24560
24572
24568
24571
24572
24567
24575
24568
24574
24567
24570
24577
24566
24575
24574
24576
24544
24572
24571
24572
24567
24567
24566
24578
24580
24569
24575
24570
24574
24563
24573
24563
24565
24577
24579
24577
24558
24574
24567
24571
24569
24574
24573
24507
24573
24565
24569
24563
24572
24567
24568
24572
24575
24572
24560
24574
24560
24568
24579
24577
24568
24565
24575
24552
24580
24563
24577
24568
24576
24574
24572
24578
24556
24569
24574
24577
24558
24571
24576
24573
24577
24556
24574
24568
24578
24567
24571
24577
24567
24576
24567
24579
24568
24573
24571
24576
24570
24568
24577
24518
24571
24570
24572
24567
24576
24563
24574
24578
24565
24571
24562
24576
24569
24576
24562
24566
24577
24561
24572
24564
24579
24562
24571
24564
24565
24573
24573
24574
24562
24574
24569
24574
24565
24575
24567
24566
24577
24566
24570
24564
24567
24565
24574
24568
24573
24572
24552
24573
24562
24570
24559
24572
24581
24569
24576
24564
24575
24564
24576
24570
24575
24565
24568
24577
24574
24570
24566
24576
24566
24570
24569
24567
24571
24564
24576
24560
24570
24569
24576
24569
24570
24579
24567
24576
24560
24573
24573
24575
24569
24569
24574
24555
24578
24560
24571
24572
24575
24572
24569
24578
24564
24572
24564
24574
24565
24574
24569
24570
24574
24563
24575
24569
24575
24570
24582
24568
24573
24571
24566
24578
24556
24571
24563
24576
24571
24573
24566
24570
24574
24522
24574
24566
24573
24571
24565
24573
24567
24576
24563
24576
24566
24571
24573
24572
24573
24548
24576
24556
24570
24563
24579
24563
24569
24568
24569
24575
24559
24575
24555
24575
24570
24575
24569
24568
24575
24547
24571
24567
24573
24567
24570
24565
24570
24574
24566
24577
24567
24571
24565
24574
24569
24566
24578
24573
24571
24566
24572
24567
24574
24564
24574
24573
24569
24572
24560
24575
24564
24574
24572
24574
24572
24521
24575
24561
24575
24557
24576
24561
24575
24570
24573
24574
24566
24574
24563
24575
24576
24577
24568
24569
24577
24569
24572
24564
24577
24565
24571
24571
24561
24577
24567
24570
24564
24574
24559
24580
24574
24573
24576
24563
24572
24569
24569
24565
24570
24566
24576
24576
24521
24578
24570
24571
24561
24574
24565
24570
24573
24568
24576
24564
24570
24567
24574
24572
24544
24570
24567
24574
24562
24572
24565
24570
24556
24576
24578
24567
24573
24570
24572
24564
24574
24566
24575
24566
24570
24583
24560
24573
24564
24578
24563
24575
24567
24569
24578
24568
24573
24560
24572
24571
24574
24570
24565
24580
24558
24575
24558
24574
24561
24572
24568
24569
24575
24558
24570
24563
24576
24565
24569
24567
24576
24573
24558
24574
24563
24574
24571
24574
24566
24571
24572
24570
24574
24565
24571
24572
24567
24560
24571
24571
24561
24579
24561
24575
24560
24570
24570
24571
24573
24570
24575
24559
24573
24560
24569
24560
24573
24573
24572
24573
24559
24571
24566
24578
24567
24570
24577
24520
24573
24568
24575
24570
24573
24567
24577
24568
24564
24579
24559
24574
24555
24571
24563
24568
24569
24573
24576
24560
24569
24567
24574
24569
24573
24565
24578
24576
24556
24573
24565
24569
24565
24577
24562
24574
24575
24567
24579
24572
24567
24566
24575
24567
24571
24572
24525
24573
24569
24570
24561
24577
24564
24572
24566
24567
24576
24568
24571
24563
24570
24569
24572
24573
24568
24578
24548
24575
24566
24578
24569
24570
24576
24573
24575
24563
24568
24560
24566
24561
24575
24575
24521
24573
24568
24575
24553
24577
24568
24573
24571
24568
24578
24565
24573
24564
24575
24566
24570
24572
24572
24573
24557
24573
24557
24580
24558
24578
24564
24564
24570
24567
24572
24558
24574
24564
24573
24564
24577
24578
24571
24578
24562
24577
24567
24571
24572
24568
24574
24554
24578
24563
24574
24560
24575
24561
24574
24576
24564
24575
24553
24578
24564
24578
24564
24559
24569
24566
24576
24538
24574
24571
24571
24568
24573
24576
24572
24573
24565
24581
24568
24576
24563
24576
24572
24516
24579
24563
24569
24566
24575
24567
24571
24561
24572
24578
24557
24572
24567
24572
24569
24573
24568
24557
24572
24571
24577
24561
24576
24560
24576
24566
24575
24569
24563
24577
24563
24571
24569
24578
24561
24574
24582
24565
24576
24565
24574
24559
24572
24570
24571
24575
24556
24572
24567
24577
24565
24568
24565
24572
24567
24566
24576
24561
24576
24564
24571
24568
24573
24566
24575
24575
24561
24577
24555
24572
24567
24569
24568
24571
24576
24566
24577
24568
24573
24567
24573
24567
24571
24578
24567
24574
24552
24574
24561
24573
24574
24572
24573
24559
24577
24570
24572
24573
24573
24570
24570
24576
24503
24574
24557
24573
24564
24571
24564
24567
24572
24568
24575
24564
24570
24563
24570
24564
24575
24575
24578
24573
24566
24584
24568
24577
24573
24569
24570
24573
24577
24549
24566
24566
24569
24563
24567
24577
24571
24572
24570
24573
24571
24573
24570
24561
24567
24573
24575
24554
24574
24560
24572
24560
24573
24567
24573
24574
24555
24575
24553
24575
24560
24572
24571
24540
24577
24564
24574
24557
24574
24569
24571
24564
24578
24577
24567
24571
24561
24574
24572
24577
24564
24569
24571
24556
24574
24550
24574
24563
24571
24563
24573
24569
24570
24572
24544
24572
24543
24569
24446
24539
24496
24510
24553
24453
24559
24400
24552
24407
24554
24471
24491
24556
24427
24561
24424
24546
24448
24554
24509
24441
24541
24349
24552
24392
24560
24395
24556
24438
24528
24545
24461
24551
24351
24546
24361
24567
24452
24524
24535
24447
24555
24432
24566
24405
24570
24500
24559
24570
24526
24569
24517
24565
24511
24572
24548
24560
24564
24544
24571
24550
24573
24556
24572
24560
24569
24564
24553
24576
24554
24573
24554
24570
24562
24577
24571
24556
24575
24552
24574
24554
24572
24551
24565
24561
24558
24578
24547
24573
24556
24568
24556
24575
24559
24565
24575
24554
24570
24560
24573
24560
24577
24565
24559
24577
24552
24571
24549
24572
24562
24571
24568
24568
24577
24553
24576
24554
24576
24556
24576
24555
24572
24568
24559
24575
24555
24577
24562
24575
24566
24572
24566
24568
24575
24564
24574
24554
24578
24560
24565
24576
24568
24576
24553
24566
24563
24578
24565
24568
24567
24518
24578
24543
24571
24552
24571
24552
24571
24570
24564
24575
24555
24569
24563
24575
24568
24572
24568
24559
24575
24529
24574
24555
24572
24563
24565
24566
24566
24578
24566
24573
24568
24571
24546
24572
24564
24562
24572
24562
24577
24552
24574
24556
24570
24558
24572
24574
24558
24576
24552
24580
24562
24576
24574
24570
24577
24565
24574
24550
24574
24553
24568
24563
24570
24568
24559
24569
24557
24568
24571
24574
24562
24570
24569
24567
24576
24557
24576
24572
24572
24563
24576
24572
24526
24576
24557
24570
24558
24577
24566
24569
24573
24568
24577
24557
24572
24570
24572
24561
24574
24565
24562
24577
24547
24574
24556
24571
24566
24572
24563
24574
24577
24571
24571
24549
24573
24554
24572
24567
24575
24565
24560
24576
24549
