23584
24478
24105
24473
24084
24409
24289
24181
24492
24015
24483
23924
24487
23934
24400
24163
24110
24478
24127
24489
23952
24482
23955
24490
23967
24201
24475
24052
24483
24116
24482
24159
24472
24155
24212
24486
24046
24493
24109
24473
23835
24486
24344
24374
24493
23997
24484
23988
24484
24038
24498
24134
24324
24391
24118
24484
23941
24483
23890
24474
24006
24434
24373
24131
24490
24210
24470
24174
24491
24126
24396
24331
24307
24481
24033
24487
23908
24493
24146
24417
24274
24212
24484
24000
24488
23953
24491
24148
24395
24253
24373
24494
24033
24484
23949
24488
23996
24415
24071
24351
24482
23942
24473
23888
24486
24158
24480
24132
24321
24483
24079
24473
23801
24477
24019
24464
24113
24230
24494
23966
24486
24002
24487
23649
24464
24041
24354
24498
23961
24482
24080
24474
23878
24497
24214
24414
24474
23975
24482
24003
24467
23832
24486
24109
24292
24460
24160
24482
23944
24480
24131
24483
23968
24332
24297
24157
24482
24115
24472
23903
24485
23949
24433
24353
23935
24485
23851
24487
24134
24479
23962
24376
24177
24238
24480
23779
24484
23958
24478
24138
24443
24258
24273
24488
23918
24501
24030
24473
23835
24473
24419
24237
24483
23965
24474
24040
24484
24124
24440
24189
24308
24491
23893
24495
24014
24483
24171
24487
24210
24275
24483
23779
24478
24175
24476
23897
24480
24078
24304
24483
23731
24474
24134
24475
23994
24480
24231
24421
24472
24077
24487
23907
24480
24132
24481
23915
24421
24474
24151
24476
23994
24483
24043
24488
24029
24448
24296
24084
24485
24086
24489
23954
24493
24021
24412
24403
24120
24495
23955
24481
23845
24481
24308
24457
24219
24219
24474
24032
24486
23852
24483
24087
24425
24404
24332
24490
23984
24489
24090
24481
24133
24486
24233
24369
24481
24145
24480
24195
24494
24085
24463
24221
24234
24475
23999
24494
24182
24479
23991
24464
24106
24188
24502
24001
24484
23863
24483
24156
24481
24146
24297
24418
24285
24477
23984
24481
24020
24485
24156
24338
24432
24037
24482
24008
24494
23986
24488
24221
24402
24426
24069
24475
23980
24498
23997
24481
23903
24391
24192
24197
24485
23980
24481
24048
24483
23834
24475
24197
24114
24490
23954
24490
24097
24476
24067
24424
24235
24097
24501
23920
24477
24194
24475
23806
24427
24267
24234
24491
23764
24478
23670
24500
24183
24404
24166
24255
24482
24025
24489
23902
24483
24044
24486
24139
24151
24484
23882
24477
24130
24485
23986
24458
24246
24381
24479
24117
24490
24084
24490
23886
24484
24177
24363
24476
23958
24476
23900
24486
23946
24488
24040
24326
24473
24118
24481
24121
24474
23783
24477
24035
24378
24414
24070
24481
23871
24474
23887
24494
24223
24442
24407
24260
24479
23947
24491
24286
24490
23931
24392
24302
24266
24483
23873
24476
23975
24482
24116
24411
24141
24224
24487
23975
24484
24194
24492
24093
24430
24258
24191
24493
24219
24478
24039
24483
23998
24424
24289
24249
24486
23994
24492
24143
24466
24058
24455
24151
24278
24492
23992
24484
24118
24484
24095
24481
24325
24395
24492
24066
24488
23871
24491
24067
24485
24074
24376
24413
24037
24482
23904
24471
24002
24477
24156
24434
24380
24100
24493
24011
24487
24151
24490
23995
24388
24349
24031
24491
24122
24485
24035
24475
24152
24430
24288
24108
24487
23996
24478
24020
24485
23930
24429
24283
24036
24478
23878
24476
23967
24488
24172
24390
24338
24123
24486
23905
24489
24094
24485
24095
24404
24269
24445
24491
24016
24482
23953
24485
23778
24428
24001
24311
24486
23961
24480
24029
24486
23885
24470
24101
24317
24486
24047
24485
24160
24483
23959
24482
24176
24337
24491
24045
24487
23922
24487
24058
24481
24065
24275
24481
24261
24478
23884
24487
24096
24482
24150
24410
24424
24197
24493
23907
24483
24063
24473
23960
24335
24419
24083
24474
23797
24479
23918
24480
24133
24335
24285
24235
24474
24107
24473
23985
24476
24071
24436
24204
24234
24494
24018
24484
23943
24484
24020
24446
24431
24161
24485
23987
24494
23932
24494
24198
24466
24236
24291
24487
23932
24495
23921
24487
24024
24371
24175
24311
24479
24136
24492
23877
24479
23927
24473
24146
24314
24482
23925
24484
23959
24492
24029
24480
24147
24230
24488
24041
24489
23829
24478
24091
24462
24074
24474
24494
24308
24482
23998
24478
24071
24478
24031
24372
24422
24136
24487
24060
24464
23985
24480
24093
24426
24349
24113
24485
24144
24481
24018
24481
24296
24414
24450
24158
24489
24027
24486
24057
24481
24015
24360
24261
24225
24475
24031
24489
24079
24493
23999
24475
24259
24344
24486
23727
24483
24266
24484
24002
24415
24280
24201
24495
24186
24478
23791
24498
23864
24358
24262
24318
24485
23966
24474
24020
24498
23961
24478
24021
24343
24474
23955
24493
23903
24483
23978
24490
24081
24399
24500
23906
24486
23818
24477
24098
24482
24184
24393
24478
24114
24469
23801
24478
24066
24485
24178
24385
24374
24114
24483
23906
24478
24081
24485
23692
24309
24391
24179
24486
24167
24486
23963
24492
24128
24477
24437
24144
24490
24056
24475
24215
24485
23920
24397
24299
24128
24475
23784
24480
23932
24481
24169
24471
24320
24189
24489
23961
24475
23867
24497
24013
24448
24132
24254
24496
23754
24486
24145
24486
24022
24462
24317
24154
24480
24127
24485
23665
24486
24081
24472
24284
24412
24467
23918
24480
24106
24479
23828
24467
23997
24329
24485
24184
24486
23926
24482
24103
24457
24181
24460
24482
24047
24501
24039
24488
23942
24479
24004
24254
24363
24073
24481
23965
24488
24142
24484
24178
24315
24373
24078
24490
23983
24483
24061
24490
23902
24278
24397
24245
24478
23858
24489
23884
24481
24062
24432
24373
23984
24490
23997
24474
23952
24479
24175
24356
24230
24297
24489
24131
24489
24007
24485
23958
24402
24183
24152
24483
23866
24482
23911
24487
24200
24417
24407
24268
24489
24055
24476
23929
24478
23909
24486
24306
24317
24487
24261
24479
23979
24481
24015
24477
24260
24388
24484
24094
24482
24074
24480
23999
24488
24174
24418
24476
23865
24496
24164
24480
23952
24474
24155
24352
24380
23995
24484
24003
24476
23984
24491
24379
24409
24290
24333
24485
23899
24483
24019
24489
24070
24351
24403
24117
24491
23946
24487
24040
24484
23981
24435
24263
24156
24483
23952
24484
24037
24480
24030
24417
24327
24277
24478
23933
24476
23852
24477
24168
24420
24199
24178
24492
23962
24474
23995
24492
24138
24430
24329
24368
24480
24218
24478
23749
24484
24154
24483
24099
24371
24485
23961
24469
23742
24473
24161
24487
24151
24278
24478
23878
24474
24096
24484
23962
24493
24082
24395
24482
24092
24478
23959
24486
23979
24488
24094
24401
24476
23860
24495
24091
24475
23998
24490
24026
24357
24421
24099
24480
23887
24489
24059
24482
23896
24366
24284
24149
24491
24037
24484
23784
24483
23782
24382
24351
24109
24467
23879
24495
23878
24479
24024
24403
24339
24115
24471
23755
24486
23561
24488
23811
24455
24189
24074
24491
23700
24464
24024
24475
23986
24478
24161
24163
24485
23622
24479
23637
24484
23862
24472
24232
24184
24494
23847
24485
23874
24477
23808
24480
24141
24295
24496
24052
24478
24133
24484
24249
24490
24357
24467
24484
24427
24478
24412
24494
24446
24487
24493
24472
24477
24451
24488
24434
24492
24415
24490
24243
24425
24443
23919
24487
23923
24478
23746
24485
23950
24386
24413
23733
24487
23923
24481
23652
24484
23931
24371
24307
24045
24472
24011
24484
23836
24496
23917
24337
24329
24195
24484
23829
24484
23960
24481
23981
24423
24307
24258
24486
23982
24472
23661
24467
23935
24330
24240
24205
24495
23927
24484
23848
24489
23821
24464
24045
24165
24497
23637
24476
23766
24483
23970
24463
24242
24216
24490
23607
24484
23856
24482
23766
24450
23913
24188
24492
23519
24479
23916
24488
23821
24464
24163
24240
24475
24058
24481
23775
24479
24045
24477
23959
24344
24493
23887
24479
23906
24478
23962
24485
24101
24338
24345
23944
24500
23811
24478
24032
24482
24120
24337
24343
24199
24477
23760
24476
23963
24477
23941
24354
24312
24055
24497
23756
24484
23903
24484
23849
24394
24321
24162
24475
23775
24495
23785
24486
24363
24482
