23624
23677
24423
23067
24475
23506
24554
23280
24513
23785
23956
24351
23312
24417
23001
24498
23196
24230
23512
23971
24314
22802
24477
22803
24478
23264
24554
23308
24028
24373
23469
24428
22902
24541
22993
24556
23781
24179
24459
23057
24380
23070
24457
22912
24455
23246
24118
24167
23665
24491
22660
24503
22930
24554
23167
24217
24109
23630
24419
22998
24513
22751
24555
23163
24124
24129
23472
24358
22890
24513
22326
24526
22941
24220
23975
23517
24373
22548
24475
22949
24535
22565
24005
23405
22803
24321
22554
24437
21958
24526
22381
24428
23292
23424
24322
21931
24405
21433
24504
21299
23950
22859
22347
24293
20290
24335
20531
24409
21214
24144
22308
22457
24342
20776
24346
20106
24445
20753
24043
22128
22414
24189
20359
24347
20398
24187
20254
23971
22629
22752
24232
21211
24209
20786
24290
20494
24025
21853
22859
23960
21314
24176
20630
24288
20698
24271
21793
23070
23656
21700
24324
20145
24301
20230
24252
21434
23123
23493
21040
24149
20097
24471
20226
24335
21651
23475
23562
21716
24258
20445
24286
20367
24468
21489
23111
23253
21890
24308
20716
24238
20319
24266
20863
23452
22546
22040
24317
20438
24252
20167
24213
21277
24029
22576
22752
24143
20567
24139
20386
24369
21043
24031
22058
22553
24429
20195
24295
20187
24365
20907
24096
22324
22493
24260
21177
24328
20144
24300
20542
24005
21822
22972
24127
21737
24168
20052
24286
19997
24072
22196
23318
23858
21498
24204
20307
24337
20565
24287
21374
22803
23526
21460
24377
19920
24262
20704
24311
21591
23515
23207
22233
24344
20012
24239
20695
24228
21856
23577
23126
22304
24273
19885
24354
20272
24269
21056
23584
22895
22476
24213
20464
24196
20167
24198
20798
23791
22312
22491
24064
21006
24399
20735
24401
20920
23823
22288
22676
24225
20293
24386
20556
24350
20703
23983
22507
23109
24207
20574
24317
19876
24283
21061
23885
21994
23216
24010
21225
24348
20818
24522
20516
24360
22001
22832
23928
21407
24225
20525
24350
20482
24412
21537
23157
23696
21067
24466
20195
24339
20333
24226
21149
23531
23260
21575
24396
20534
24350
20479
24539
21636
23544
23050
22071
24199
20256
24511
19848
24313
20844
23602
22736
21968
24423
20315
24359
20722
24447
19927
24026
22856
22252
24423
20496
24339
20184
24328
20705
23870
22621
22536
24242
20591
24426
20645
24385
21042
23971
22388
23033
24214
20771
24267
20333
24496
20045
24010
22164
22690
24164
21184
24315
20336
24287
20242
24015
22298
22520
24190
21191
24233
20820
24383
20173
24261
21611
23022
23832
21417
24148
20372
24319
20525
24454
21559
23146
23237
21261
24122
21078
24525
20901
24282
21174
23568
23329
21429
24373
20182
24369
20495
24329
21888
23503
22820
22129
24324
20706
24337
20281
24374
21210
23391
23116
22328
24397
20162
24281
20196
24353
21286
24184
22772
22537
24277
20341
24333
20644
24501
21174
24249
22491
22462
24220
20541
24355
20240
24307
20637
23762
22629
22641
24413
21090
24419
20498
24430
20768
24103
22434
23046
24018
20864
24396
20570
24344
20776
24241
21808
23263
23683
21329
24276
20439
24305
20828
24199
21530
23128
23421
21796
24160
20818
24307
20666
24283
21741
23335
23644
22039
24364
20542
24452
20405
24414
21744
23340
23284
21530
24418
20568
24118
21126
24363
21260
23803
23172
22349
24277
20916
24365
20392
24444
21630
23913
23034
22793
24253
20454
24341
19916
24264
21350
23677
23063
22474
24442
20768
24433
20315
24262
21315
24038
22424
22423
24315
20935
24532
20339
24465
21217
24220
22470
23018
24180
21257
24293
20337
24525
20780
24198
22400
23116
23914
20901
24283
20575
24444
20589
24345
22400
23233
23797
21252
24208
20235
24491
20702
24279
21628
23384
23678
22104
24101
20942
24189
20918
24352
21439
23344
23316
21735
24374
20621
24390
20377
24224
21547
23673
23179
21852
24379
20543
24341
20412
24365
21423
23947
22910
22327
24176
20546
24401
20115
24287
21184
24107
22651
22267
24349
21615
24217
20656
24277
21413
23794
22466
22518
24332
20676
24346
20824
24418
21314
24076
22558
22937
24052
21281
24384
20073
24341
20332
24143
21869
22680
23992
21148
24320
20643
24271
20936
24222
21904
23356
23911
21258
24084
20600
24311
20776
24271
21573
23067
23886
21188
24316
20574
24314
20519
24192
21878
23547
23514
21556
24417
20557
24321
20442
24196
21470
23115
23121
22452
24400
20712
24281
20917
24401
21472
23435
23273
22382
24106
20883
24106
20579
24352
21177
23775
23059
22626
24289
21517
24485
21139
24175
21003
24113
22620
23080
24392
21425
24195
21233
24382
21405
24150
22801
23143
23960
20908
24351
21025
24268
21349
24274
22623
22882
24066
21836
24500
21190
24375
21344
24228
22781
23119
23688
21539
24438
20478
24477
20480
24439
21956
23098
23768
21924
24133
21060
24332
20762
24337
21484
23051
23530
21409
24152
21433
24318
20685
24351
21430
22992
23480
22198
24391
20941
24415
20480
24301
21221
23732
23194
22178
24349
20449
24466
20298
24182
20892
24004
23070
22052
24137
21079
24204
21376
24326
21745
23975
23088
22907
24323
20946
24240
20591
24505
21506
23667
22601
22917
24265
20828
24296
21232
24177
21604
23955
22866
22495
24097
21659
24259
20763
24234
20818
23966
22616
22894
24060
21253
24294
20783
24429
20798
24225
21826
23428
23913
21119
24168
20022
24396
20511
24090
22181
23202
24026
21504
24130
20449
24284
20990
24470
21756
23548
23666
21340
24403
20931
24323
20973
24280
22025
23256
23162
21975
24302
20683
24468
20969
24291
21724
23695
23257
21772
24163
20322
24350
20674
24398
21070
23789
23243
22199
24160
21023
24488
20498
24313
21493
23629
22784
22349
24193
20671
24422
20578
24432
21512
23966
22897
22655
24199
21230
24497
21503
24460
22089
24478
22652
23651
24293
21881
24323
22056
24484
22228
24550
23051
24251
24130
22575
24410
22253
24510
22489
24492
22935
23749
23967
23031
24359
22187
24526
22312
24527
22980
24182
24038
23587
24289
22587
24552
22204
24546
22905
24183
23813
23142
24312
21797
24426
21610
24460
22336
23867
23403
23129
24359
22026
24534
22626
24548
23645
24259
24024
23849
24274
21946
24479
21579
24511
22399
24429
23209
23615
24237
22438
24511
22256
24547
21916
24354
23431
23714
24383
22902
24452
23160
24521
23302
24472
23391
23690
24305
23280
24422
22757
24492
22630
24548
23045
23929
24367
22546
24441
22012
24505
22221
24522
22720
23361
24163
22396
24409
21299
24548
21638
24492
22580
23781
23931
22741
24375
22174
24524
22567
24532
22648
24109
24000
22834
24313
22711
24518
23575
24557
23729
24407
24429
23925
24549
23838
24549
23989
24563
24120
24482
24372
24184
24521
23763
24552
24011
24566
23863
24454
24278
24362
24541
23755
24551
23602
24548
