3615
23565
23615
23632
23509
23462
23640
23494
23616
23550
23571
23621
23568
23683
23462
23665
23533
23615
23565
23615
23632
23509
21680
23654
21835
23707
22188
23017
23005
22427
23515
21926
23636
21918
23664
22198
23286
22899
22486
23447
22066
23595
21811
23671
22413
23360
22825
22825
23453
22229
23575
22207
23642
22183
23535
22714
23017
23496
22374
23568
22074
23650
22199
23562
22737
22942
23520
22425
23571
22191
23645
22349
23548
22833
23173
23432
22652
23500
22396
23602
22262
23564
22731
23197
23379
22473
23570
22193
23683
22287
23707
22472
23350
23308
22667
23571
22175
23599
22240
23622
22641
23467
23181
22730
23553
22427
23623
22265
23642
22364
23374
23100
22741
23384
22360
23652
22113
23662
22512
23327
23032
22910
23470
22356
23612
22354
23687
22398
23532
23102
22883
23460
22206
23619
22412
23552
22516
23540
22894
23150
23461
22628
23596
22314
23630
22452
23588
22927
23120
23506
22509
23638
22408
23572
22427
23567
22810
23131
23433
22582
23487
22486
23555
22465
23596
22839
23349
23337
22779
23507
22290
23587
22517
23626
22785
23343
23176
22916
23495
22370
23646
22487
23632
22745
23374
23205
22778
23449
22299
23653
22463
23668
22649
23524
23146
22937
23522
22439
23599
22568
23682
22851
23551
23139
23165
23540
22410
23538
22368
23678
22539
23493
23030
22989
23513
22474
23629
22589
23632
22454
23499
23180
23171
23488
22728
23601
22669
23582
22547
23563
22964
23156
23466
22522
23541
22444
23645
22462
23491
23005
23242
23467
22617
23509
22489
23636
22671
23565
22886
23135
23384
22821
23529
22428
23614
22564
23666
22895
23443
23433
22927
23541
22440
23532
22647
23630
22613
23438
23226
22805
23570
21996
23630
21314
23548
22235
23018
23151
22077
23586
21359
23694
21542
23619
22201
22920
23071
22225
23556
21638
23684
21770
23585
22086
23304
22960
22439
23531
21881
23668
21795
23696
22169
23278
22864
22566
23529
21888
23656
21871
23635
21897
23398
22831
22611
23436
21970
23633
21763
23566
22128
23541
22730
22917
23467
22094
23563
21809
23647
22091
23563
22576
22948
23401
22036
23639
22055
23615
22038
23513
22650
23164
23203
22113
23580
22064
23658
22189
23598
22490
23252
23246
22475
23521
22012
23719
22041
23619
22283
23307
22997
22574
23541
22240
23665
21750
23623
22332
23216
23173
22454
23579
22173
23617
21870
23592
22271
23143
22843
22761
23438
22019
23697
21986
23598
22194
23351
22866
22777
23524
22462
23658
22087
23603
22021
23483
22896
22790
23522
22186
23599
21994
23662
22129
23363
22802
22869
23435
22102
23582
21942
23635
22027
23533
22683
22992
23446
22179
23641
21829
23653
22271
23539
22572
23259
23284
22343
23539
21714
23586
21935
23696
22451
23170
23124
22232
23554
22021
23587
21996
23560
22502
23186
23189
22494
23559
21943
23588
22075
23668
22394
23188
23175
22564
23501
21958
23554
22063
23572
22350
23267
22994
22560
23458
22021
23650
21988
23643
22192
23311
22880
22890
23460
22081
23610
21905
23629
22147
23425
22750
22754
23469
22123
23650
22088
23606
22118
23477
22713
23043
23378
22206
23595
21814
23583
22188
23501
22739
23275
23387
22353
23625
22208
23601
22030
23571
22607
23227
23373
22449
23572
21776
23646
22046
23576
22431
23128
23178
22578
23579
22125
23651
22088
23588
22489
23184
23104
22633
23551
21940
23725
22067
23663
22355
23237
23025
22524
23541
21765
23622
22052
23681
22474
23371
22854
22754
23531
21919
23659
22069
23596
22430
23365
22895
22849
23569
22293
23613
21848
23574
22155
23513
22703
22854
23509
22095
23635
21954
23673
22029
23523
22657
22966
23436
22022
23571
21970
23613
22030
23437
22639
22948
23345
22335
23588
21941
23653
22414
23584
22489
23158
23306
22486
23607
21969
23655
21861
23572
22585
23176
23304
22432
23559
21893
23638
21902
23641
22590
23233
23108
22556
23546
22056
23657
21878
23562
22464
23279
23035
22814
23490
22062
23682
22026
23688
22372
23311
22945
22865
23528
21992
23609
22014
23636
22198
23342
22777
22571
23438
22154
23610
22066
23640
22006
23485
22720
23022
23507
22051
23604
22128
23639
22142
23573
22662
22956
23452
22284
23622
21909
23644
22339
23553
22567
23023
23323
22246
23585
21921
23621
22282
23580
22509
23079
23279
22453
23617
22023
23708
22032
23618
22546
23161
23119
22575
23576
21906
23644
22032
23620
22387
23087
23075
22452
23520
22172
23598
21840
23651
22322
23302
22994
22642
23560
22024
23656
22214
23630
22181
23514
22895
22656
23600
22152
23648
22211
23663
22170
23394
22890
22749
23571
22177
23601
21871
23650
22197
23456
22840
22894
23486
22368
23599
21837
23685
22111
23450
22740
22938
23440
22327
23597
22206
23645
22182
23593
22570
22989
23435
22275
23644
22063
23690
22038
23533
22508
23036
23178
22121
23548
22156
23678
22199
23597
22466
23132
23173
22304
23529
22134
23665
22323
23639
22398
23169
23050
22669
23515
22154
23592
22138
23658
22313
23249
22898
22596
23588
22128
23659
22037
23639
22410
23446
22890
22744
23522
22102
23645
22199
23552
22174
23327
22803
22784
23460
21866
23668
22038
23590
22395
23403
22878
22839
23395
22060
23598
21916
23662
22200
23415
22830
22834
23411
22278
23665
21967
23678
21983
23471
22693
23223
23363
22224
23628
21897
23637
22059
23575
22617
23253
23343
22528
23647
22120
23676
21990
23652
22492
23280
23162
22583
23627
22025
23600
22046
23682
22462
23081
23237
22499
23597
22084
23596
21856
23575
22353
23258
22945
22689
23577
22345
23625
22046
23571
22395
23376
22849
22819
23478
22247
23685
22120
23601
22427
23422
22829
22892
23452
22220
23643
22169
23683
22411
23472
22717
23034
23502
22054
23594
22104
23612
22182
23509
22726
22950
23450
22018
23671
21941
23652
22034
23650
22553
23245
23431
22564
23569
22136
23596
22049
23524
22617
23251
23302
22451
23587
22012
23714
22130
23531
22622
23220
23093
22807
23558
21966
23639
22022
23612
22516
23295
23120
22650
23552
22088
23633
21914
23592
22275
23259
22982
22796
23534
22265
23688
21788
23651
22396
23333
22778
22849
23466
22166
23656
22066
23640
22175
23472
22892
22859
23529
22109
23591
21878
23643
22206
23516
22739
22683
23445
21971
23584
22226
23642
22244
23527
22739
22951
23434
22157
23629
21944
23584
22129
23547
22616
22939
23333
22446
23658
22119
23662
22212
23604
22345
23018
23246
22591
23517
22139
23710
22178
23630
22424
23009
23075
22705
23636
21985
23649
22087
23567
22340
23303
23005
22505
23569
22044
23544
21997
23654
22301
23267
22814
22661
23538
22055
23668
21747
23634
22111
23250
22830
22740
23552
21965
23647
21885
23688
22173
23427
22751
22865
23457
21965
23586
21704
23640
22118
23462
22682
22831
23407
22146
23639
21761
23674
21989
23525
22541
23002
23337
22240
23616
21801
23680
21985
23544
22400
22984
23380
21818
23687
21523
23672
21703
23587
22287
22828
23219
22073
23684
21519
23751
21621
23586
22339
23123
23157
22311
23623
21585
23670
21646
23618
22118
23191
23039
22353
23594
21671
23711
21473
23701
22273
23311
23157
23179
23544
22861
23602
23005
23625
23144
23613
23339
23264
23555
23107
23665
23211
23638
23266
23544
23315
23380
23575
23149
23627
23172
23637
23253
23588
23392
23446
23570
23173
23606
23173
23650
23214
23563
23364
23498
23551
23093
23655
23173
23664
23227
23626
23300
23454
23473
23315
23602
23216
23642
23225
23626
23293
23512
23516
23242
23628
23230
23603
23196
23618
23227
23577
23443
23283
23568
23299
23659
23218
23593
23246
23492
23463
23355
23640
23215
23634
23261
23637
23223
23528
23432
23433
23607
23201
23640
23219
23621
23182
23584
23362
23374
23599
23138
23694
23233
23599
23263
23587
23350
23359
23547
23232
23669
23203
23650
23280
23587
23349
23482
23573
23232
23611
23278
23643
23257
23618
23352
23420
23541
23293
23643
23226
23636
23200
23570
23356
23524
23489
23282
23615
23249
23683
23262
23620
23302
23500
23470
23306
23618
23152
23681
23232
23643
23321
23567
23432
23334
23567
23247
23634
23222
23631
23294
23561
23396
23384
23627
23216
23612
23215
23610
23320
23599
23398
23411
23544
23173
23610
23256
23653
23251
23564
23366
23420
23595
23136
23629
23234
23608
23246
23607
23392
23379
23577
23225
23603
23201
23652
23255
23621
23397
23554
23524
23183
23598
23204
23606
23182
23604
23275
23565
23532
23343
23661
23254
23645
23176
23595
23311
23471
23459
23308
23626
23219
23626
23149
23667
23344
23539
23486
23383
23621
23208
23639
23268
23610
23305
23586
23426
23396
23644
23237
23620
23281
23643
23272
23528
23390
23361
23625
23214
23594
23207
23634
23245
23566
23381
23337
23603
23122
23646
23182
23624
23307
23589
23379
23379
23566
23083
23628
23169
23642
23183
23619
23403
23472
23565
23234
23638
23199
23619
23219
23579
23318
23435
23536
23250
23613
23211
23595
23196
23605
23255
23613
23509
23326
23635
23251
23622
23155
23622
23314
23519
23462
23279
23594
23221
23668
23255
23660
23289
23489
23386
23298
23612
23205
23639
23326
23660
23294
23609
23426
23378
23610
23221
23614
23278
23619
23214
23557
23450
23420
23577
23140
23599
23188
23664
23202
23593
23371
23364
23555
23045
23667
23181
23649
23233
23590
23404
23427
23580
23209
23661
23230
23596
23195
23616
23377
23499
23577
23160
23645
23204
23640
23240
23603
23339
23487
23522
23288
23606
23174
23633
23204
23635
23266
23552
23468
23295
23637
23195
23609
23218
23606
23309
23501
23490
23269
23642
23249
23655
23262
23627
23283
23551
23439
23416
23611
23203
23632
23181
23621
23233
23580
23406
23393
23608
23126
23635
23187
23598
23269
23634
23364
23339
23596
23000
23635
23233
23635
23235
23615
23350
23386
23587
23073
23624
23197
23636
23228
23621
23356
23531
23571
23144
23643
23249
23676
23260
23608
23353
23404
23517
23153
23655
23212
23654
23214
23600
23284
23484
23473
23286
23619
23215
23648
23233
23607
23242
23524
23507
23336
23621
23164
23664
23220
23614
23311
23540
23415
23317
23624
23211
23589
23165
23663
23291
23578
23420
23402
23593
23071
23624
23251
23632
23251
23554
23379
23387
23556
23139
23653
23184
23638
23213
23569
23391
23453
23561
23122
23657
23173
23588
23185
23597
23344
23470
23581
23179
23615
